[gd_scene load_steps=22 format=3 uid="uid://ccspb17f1f6mw"]

[ext_resource type="PackedScene" uid="uid://38sn6sehdlip" path="res://models/jerry.glb" id="1_sqou7"]

[sub_resource type="CapsuleShape3D" id="CapsuleShape3D_wjnor"]
radius = 0.0105605
height = 0.105605

[sub_resource type="CapsuleShape3D" id="CapsuleShape3D_hpg5g"]
radius = 0.0196406
height = 0.196406

[sub_resource type="CapsuleShape3D" id="CapsuleShape3D_pqiw0"]
radius = 0.0147528
height = 0.147528

[sub_resource type="CapsuleShape3D" id="CapsuleShape3D_qqqct"]
radius = 0.0147096
height = 0.147096

[sub_resource type="CapsuleShape3D" id="CapsuleShape3D_8xs78"]
radius = 0.0162285
height = 0.162285

[sub_resource type="CapsuleShape3D" id="CapsuleShape3D_8c63d"]
radius = 0.0276163
height = 0.276163

[sub_resource type="CapsuleShape3D" id="CapsuleShape3D_b4ixk"]
radius = 0.0178604
height = 0.178604

[sub_resource type="CapsuleShape3D" id="CapsuleShape3D_4e2bm"]
radius = 0.00999657
height = 0.0999657

[sub_resource type="CapsuleShape3D" id="CapsuleShape3D_n63yl"]
radius = 0.00962626
height = 0.0962626

[sub_resource type="CapsuleShape3D" id="CapsuleShape3D_bevim"]
radius = 0.0147956
height = 0.147956

[sub_resource type="CapsuleShape3D" id="CapsuleShape3D_qkfnh"]
radius = 0.0162285
height = 0.162285

[sub_resource type="CapsuleShape3D" id="CapsuleShape3D_tm2fe"]
radius = 0.0276163
height = 0.276163

[sub_resource type="CapsuleShape3D" id="CapsuleShape3D_4youo"]
radius = 0.0178604
height = 0.178604

[sub_resource type="CapsuleShape3D" id="CapsuleShape3D_m4hmx"]
radius = 0.00999654
height = 0.0999654

[sub_resource type="CapsuleShape3D" id="CapsuleShape3D_mdakc"]
radius = 0.041333
height = 0.41333

[sub_resource type="CapsuleShape3D" id="CapsuleShape3D_n512a"]
radius = 0.0398303
height = 0.398303

[sub_resource type="CapsuleShape3D" id="CapsuleShape3D_wd203"]
radius = 0.00957561
height = 0.0957561

[sub_resource type="CapsuleShape3D" id="CapsuleShape3D_6kpik"]
radius = 0.041333
height = 0.41333

[sub_resource type="CapsuleShape3D" id="CapsuleShape3D_6bt5h"]
radius = 0.0398303
height = 0.398303

[sub_resource type="CapsuleShape3D" id="CapsuleShape3D_bu4a1"]
radius = 0.0095756
height = 0.095756

[node name="jerry" instance=ExtResource("1_sqou7")]

[node name="Skeleton3D" parent="ManCasual3Armature" index="0"]
transform = Transform3D(1, 0, 0, 0, 1, 0, 0, 0, 1, -0.100103, 0.239831, 0)
motion_scale = 1.179
animate_physical_bones = false
bones/0/position = Vector3(-6.36233e-16, 1.15264, -5.6646e-07)
bones/0/rotation = Quaternion(0.0620714, 1.1898e-07, 7.39945e-09, 0.998072)
bones/1/rotation = Quaternion(-0.0401697, 1.33487e-13, -9.57721e-09, 0.999193)
bones/1/scale = Vector3(1, 1, 1)
bones/2/rotation = Quaternion(-0.0592715, 2.9238e-11, -1.4103e-08, 0.998242)
bones/3/rotation = Quaternion(-0.13476, 1.81534e-12, -3.21358e-08, 0.990878)
bones/4/rotation = Quaternion(0.525291, 0.267754, 0.654453, -0.47336)
bones/4/scale = Vector3(1, 1, 1)
bones/5/rotation = Quaternion(-0.527733, 0.00846559, 0.0104486, 0.849304)
bones/5/scale = Vector3(1, 1, 1)
bones/7/rotation = Quaternion(-0.00771867, -0.00109092, 0.0511808, 0.998659)
bones/7/scale = Vector3(1, 1, 1)
bones/8/rotation = Quaternion(0.0023442, 0.705466, 0.0131703, 0.708617)
bones/8/scale = Vector3(1, 1, 1)
bones/9/rotation = Quaternion(-0.0790837, -0.694323, -0.10824, 0.707068)
bones/9/scale = Vector3(1, 1, 1)
bones/10/rotation = Quaternion(-0.205162, 0.0685118, -0.0141748, 0.976224)
bones/11/rotation = Quaternion(-0.0061257, 0.705024, 0.000233032, 0.709157)
bones/12/rotation = Quaternion(-0.130478, -0.682703, -0.173446, 0.697717)
bones/13/rotation = Quaternion(-0.0968712, 0.00478449, -0.0205991, 0.995072)
bones/13/scale = Vector3(1, 1, 1)
bones/14/rotation = Quaternion(-0.0348442, 0.705535, -0.0545195, 0.705715)
bones/15/rotation = Quaternion(-0.117434, -0.691653, -0.136168, 0.699488)
bones/15/scale = Vector3(1, 1, 1)
bones/16/rotation = Quaternion(0.0232256, 0.00418126, -0.0128603, 0.999639)
bones/16/scale = Vector3(1, 1, 1)
bones/17/rotation = Quaternion(0.0217781, 0.704675, -0.0296252, 0.708577)
bones/18/rotation = Quaternion(-0.138149, -0.693349, -0.12599, 0.695923)
bones/19/rotation = Quaternion(-0.0732313, 0.00455568, -0.0233742, 0.997031)
bones/20/rotation = Quaternion(0.157053, 0.686795, -0.21358, 0.67678)
bones/20/scale = Vector3(1, 1, 1)
bones/21/rotation = Quaternion(-0.0808012, -0.682944, 0.0528122, 0.724065)
bones/22/rotation = Quaternion(-0.0582937, 0.0160858, 0.0728075, 0.995511)
bones/22/scale = Vector3(1, 1, 1)
bones/23/rotation = Quaternion(0.290372, -1.3885e-10, 6.90514e-08, 0.956914)
bones/24/rotation = Quaternion(-0.0950814, 1.58372e-10, -2.25223e-08, 0.99547)
bones/25/rotation = Quaternion(-0.616793, -0.381923, -0.471236, 0.501636)
bones/25/scale = Vector3(1, 1, 1)
bones/26/rotation = Quaternion(-0.616793, -0.381923, -0.471236, 0.501636)
bones/27/rotation = Quaternion(-0.616793, 0.381922, 0.471236, 0.501636)
bones/27/scale = Vector3(1, 1, 1)
bones/29/scale = Vector3(1, 1, 1)
bones/30/rotation = Quaternion(-0.535282, -0.00855925, -0.0103733, 0.844567)
bones/31/rotation = Quaternion(0.00222539, -0.297252, 0.0564964, 0.953124)
bones/32/rotation = Quaternion(-0.00771866, 0.0010909, -0.0511807, 0.998659)
bones/32/scale = Vector3(1, 1, 1)
bones/33/rotation = Quaternion(0.0023442, -0.705466, -0.0131704, 0.708617)
bones/34/rotation = Quaternion(-0.0790767, 0.694319, 0.108235, 0.707074)
bones/34/scale = Vector3(1, 1, 1)
bones/35/rotation = Quaternion(-0.205179, -0.0684953, 0.0141757, 0.976222)
bones/35/scale = Vector3(1, 1, 1)
bones/36/rotation = Quaternion(-0.0061275, -0.705022, -0.000230893, 0.709159)
bones/36/scale = Vector3(1, 1, 1)
bones/38/rotation = Quaternion(-0.0968777, -0.00477813, 0.0206003, 0.995072)
bones/38/scale = Vector3(1, 1, 1)
bones/39/rotation = Quaternion(-0.0348444, -0.705535, 0.0545196, 0.705715)
bones/40/scale = Vector3(1, 1, 1)
bones/41/rotation = Quaternion(0.0232307, -0.00418664, 0.0128598, 0.999639)
bones/42/rotation = Quaternion(0.021778, -0.704675, 0.0296252, 0.708577)
bones/42/scale = Vector3(1, 1, 1)
bones/44/rotation = Quaternion(-0.0732228, -0.0045649, 0.0233731, 0.997031)
bones/45/rotation = Quaternion(0.157055, -0.686797, 0.213577, 0.676778)
bones/45/scale = Vector3(1, 1, 1)
bones/46/rotation = Quaternion(-0.0808081, 0.682956, -0.0528035, 0.724053)
bones/47/rotation = Quaternion(-0.0582809, -0.0161011, -0.0728091, 0.995511)
bones/47/scale = Vector3(1, 1, 1)
bones/48/rotation = Quaternion(0.706062, -0.0626942, -0.704271, 0.0393632)
bones/48/scale = Vector3(0.999999, 1, 0.999989)
bones/50/rotation = Quaternion(0.014418, 0.974463, -0.224071, -0.00254409)
bones/50/scale = Vector3(1, 1, 1)
bones/51/rotation = Quaternion(0.471297, -0.000522418, -0.000777259, 0.881974)
bones/51/scale = Vector3(1, 1, 1)
bones/52/rotation = Quaternion(0.706056, 0.0626945, 0.704275, 0.0393858)
bones/53/rotation = Quaternion(0.0235795, -0.706475, 0.02364, 0.70695)
bones/54/rotation = Quaternion(-0.0144188, 0.974463, -0.224071, 0.00253968)
bones/55/rotation = Quaternion(0.471297, 0.000522867, 0.00077745, 0.881974)

[node name="Physical Bone Hips" type="PhysicalBone3D" parent="ManCasual3Armature/Skeleton3D" index="1"]
transform = Transform3D(1, -2.92744e-12, -1.56652e-13, 3.05533e-13, -0.118394, -0.992967, -3.63798e-12, 0.992967, -0.118394, 2.83122e-07, 1.20506, 0.00624953)
disable_mode = 2
axis_lock_linear_x = true
axis_lock_linear_y = true
axis_lock_linear_z = true
joint_offset = Transform3D(1, 0, 0, 0, 1, 0, 0, 0, 1, -2.83052e-07, -4.84084e-07, 0.0527867)
body_offset = Transform3D(1, -2.38419e-07, -1.32337e-09, -3.71144e-15, 0.00555053, -0.999985, 2.38416e-07, 0.999985, 0.00555053, 2.83122e-07, 0.0527859, -0.00029251)
bone_name = "Hips"

[node name="CollisionShape3D" type="CollisionShape3D" parent="ManCasual3Armature/Skeleton3D/Physical Bone Hips" index="0"]
transform = Transform3D(1, 0, 0, 0, 0, 1, 0, -1, 0, 0, 0, 0)
shape = SubResource("CapsuleShape3D_wjnor")

[node name="Physical Bone Spine" type="PhysicalBone3D" parent="ManCasual3Armature/Skeleton3D" index="2"]
transform = Transform3D(1, 2.3842e-07, -1.91847e-13, 1.04585e-08, -0.0438475, -0.999038, -2.38279e-07, 0.999038, -0.043848, -0.000357062, 1.35558, 0.0168065)
disable_mode = 2
axis_lock_linear_x = true
axis_lock_linear_y = true
axis_lock_linear_z = true
joint_type = 1
joint_offset = Transform3D(1, 0, 0, 0, 1, 0, 0, 0, 1, 0.000357062, 7.60675e-07, 0.0981768)
body_offset = Transform3D(1, 1.84741e-13, -3.19744e-14, 5.05374e-13, 5.21541e-08, -1, -8.85478e-11, 1, -4.24683e-07, -0.000357062, 0.0981768, -7.18981e-07)
bone_name = "Spine"
joint_constraints/bias = 0.3
joint_constraints/damping = 1.0
joint_constraints/impulse_clamp = 0.0

[node name="CollisionShape3D" type="CollisionShape3D" parent="ManCasual3Armature/Skeleton3D/Physical Bone Spine" index="0"]
transform = Transform3D(1, 0, 0, 0, 0, 1, 0, -1, 0, 0, 0, 0)
shape = SubResource("CapsuleShape3D_hpg5g")

[node name="Physical Bone Chest" type="PhysicalBone3D" parent="ManCasual3Armature/Skeleton3D" index="3"]
transform = Transform3D(1, 2.38475e-07, 6.03678e-11, -1.77495e-08, 0.0746811, -0.997207, -2.37814e-07, 0.997207, 0.0746822, 0.000357002, 1.52731, 0.0156042)
disable_mode = 2
axis_lock_linear_x = true
axis_lock_linear_y = true
axis_lock_linear_z = true
joint_type = 1
joint_offset = Transform3D(1, 0, 0, 0, 1, 0, 0, 0, 1, -0.000357002, -1.17362e-06, 0.0737959)
body_offset = Transform3D(1, 0, -1.84741e-13, -2.30926e-14, -1.56462e-07, -1, -4.26326e-14, 1, 9.61125e-07, 0.000357002, 0.0737959, 1.10269e-06)
bone_name = "Chest"
joint_constraints/bias = 0.3
joint_constraints/damping = 1.0
joint_constraints/impulse_clamp = 0.0

[node name="CollisionShape3D" type="CollisionShape3D" parent="ManCasual3Armature/Skeleton3D/Physical Bone Chest" index="0"]
transform = Transform3D(1, 0, 0, 0, 0, 1, 0, -1, 0, 0, 0, 0)
shape = SubResource("CapsuleShape3D_pqiw0")

[node name="Physical Bone UpperChest" type="PhysicalBone3D" parent="ManCasual3Armature/Skeleton3D" index="4"]
transform = Transform3D(1, 2.37703e-07, 1.0191e-08, -7.07333e-08, 0.338285, -0.941043, -2.27975e-07, 0.941044, 0.338285, -0.000358328, 1.67005, -0.0147823)
disable_mode = 2
axis_lock_linear_x = true
axis_lock_linear_y = true
axis_lock_linear_z = true
joint_type = 1
joint_offset = Transform3D(1, 0, 0, 0, 1, 0, 0, 0, 1, 0.000358327, -1.07027e-06, 0.0735474)
body_offset = Transform3D(1, -7.59059e-10, 1.013e-08, 1.04964e-08, 3.57628e-07, -1, 1.27898e-13, 1, 7.7486e-07, -0.000358328, 0.0735474, 1.01328e-06)
bone_name = "UpperChest"
joint_constraints/bias = 0.3
joint_constraints/damping = 1.0
joint_constraints/impulse_clamp = 0.0

[node name="CollisionShape3D" type="CollisionShape3D" parent="ManCasual3Armature/Skeleton3D/Physical Bone UpperChest" index="0"]
transform = Transform3D(1, 0, 0, 0, 0, 1, 0, -1, 0, 0, 0, 0)
shape = SubResource("CapsuleShape3D_qqqct")

[node name="Physical Bone Shoulder_L" type="PhysicalBone3D" parent="ManCasual3Armature/Skeleton3D" index="5"]
transform = Transform3D(-2.38133e-07, 0.434067, -0.900881, -1.28838e-06, 0.90088, 0.434067, 1, 1.40071e-06, 1.3451e-07, 0.0731005, 1.70404, -0.0396635)
disable_mode = 2
axis_lock_linear_x = true
axis_lock_linear_y = true
axis_lock_linear_z = true
joint_type = 1
joint_offset = Transform3D(1, 0, 0, 0, 1, 0, 0, 0, 1, -1.14043e-08, 5.61476e-07, 0.0811437)
body_offset = Transform3D(1, 8.94061e-08, -8.90061e-08, 2.87882e-08, -8.64267e-07, -1, -2.68485e-08, 1, -1.04308e-06, 1.86265e-08, 0.0811437, -4.76837e-07)
bone_name = "Shoulder.L"
joint_constraints/bias = 0.3
joint_constraints/damping = 1.0
joint_constraints/impulse_clamp = 0.0

[node name="CollisionShape3D" type="CollisionShape3D" parent="ManCasual3Armature/Skeleton3D/Physical Bone Shoulder_L" index="0"]
transform = Transform3D(1, 0, 0, 0, 0, 1, 0, -1, 0, 0, 0, 0)
shape = SubResource("CapsuleShape3D_8xs78")

[node name="Physical Bone UpperArm_L" type="PhysicalBone3D" parent="ManCasual3Armature/Skeleton3D" index="6"]
transform = Transform3D(-0.00308927, 0.999947, -0.0098418, -0.0267124, 0.00977638, 0.999595, 0.999588, 0.00335177, 0.0266776, 0.147288, 1.53079, -0.0433448)
disable_mode = 2
axis_lock_linear_x = true
axis_lock_linear_y = true
axis_lock_linear_z = true
joint_type = 1
joint_offset = Transform3D(1, 0, 0, 0, 1, 0, 0, 0, 1, -3.18462e-06, 0.000270913, 0.138075)
body_offset = Transform3D(0.99995, -1.71363e-07, -6.93835e-06, -2.38977e-06, 4.00796e-07, -1, 1.95578e-07, 1, 2.08666e-05, 4.14252e-06, 0.138075, -0.000273794)
bone_name = "UpperArm.L"
joint_constraints/bias = 0.3
joint_constraints/damping = 1.0
joint_constraints/impulse_clamp = 0.0

[node name="CollisionShape3D" type="CollisionShape3D" parent="ManCasual3Armature/Skeleton3D/Physical Bone UpperArm_L" index="0"]
transform = Transform3D(1, 0, 0, 0, 0, 1, 0, -1, 0, 0, 0, 0)
shape = SubResource("CapsuleShape3D_8c63d")

[node name="Physical Bone LowerArm_L" type="PhysicalBone3D" parent="ManCasual3Armature/Skeleton3D" index="7"]
transform = Transform3D(-0.00259038, 0.999395, -0.0384938, 0.0527689, 0.0385803, 0.997881, 0.998623, 0.000562596, -0.0528283, 0.152357, 1.30364, -0.042313)
disable_mode = 2
axis_lock_linear_x = true
axis_lock_linear_y = true
axis_lock_linear_z = true
joint_type = 1
joint_offset = Transform3D(1, 0, 0, 0, 1, 0, 0, 0, 1, -1.2898e-06, 4.31436e-06, 0.0893183)
body_offset = Transform3D(1.00002, 8.75682e-06, 1.17719e-06, -3.72529e-09, 1.55977e-06, -1.00002, -2.69501e-08, 1.00014, -1.78858e-07, 1.18464e-06, 0.0893201, -4.29899e-06)
bone_name = "LowerArm.L"
joint_constraints/bias = 0.3
joint_constraints/damping = 1.0
joint_constraints/impulse_clamp = 0.0

[node name="CollisionShape3D" type="CollisionShape3D" parent="ManCasual3Armature/Skeleton3D/Physical Bone LowerArm_L" index="0"]
transform = Transform3D(1, 0, 0, 0, 0, 1, 0, -1, 0, 0, 0, 0)
shape = SubResource("CapsuleShape3D_b4ixk")

[node name="Physical Bone Hand_L" type="PhysicalBone3D" parent="ManCasual3Armature/Skeleton3D" index="8"]
transform = Transform3D(-0.99622, -0.136058, -0.0546057, -0.0157655, -0.273462, 0.965323, -0.145507, 0.958363, 0.268585, 0.161512, 1.16634, -0.0509672)
disable_mode = 2
axis_lock_linear_x = true
axis_lock_linear_y = true
axis_lock_linear_z = true
joint_type = 1
joint_offset = Transform3D(1, 0, 0, 0, 1, 0, 0, 0, 1, 0.00294118, 0.000361451, 0.0500822)
body_offset = Transform3D(-0.147284, 0.970342, 0.220343, 9.91393e-07, 0.222454, -0.978442, -0.996083, -0.143886, -0.0326817, -0.0109528, 0.0489221, 0.00461844)
bone_name = "Hand.L"
joint_constraints/bias = 0.3
joint_constraints/damping = 1.0
joint_constraints/impulse_clamp = 0.0

[node name="CollisionShape3D" type="CollisionShape3D" parent="ManCasual3Armature/Skeleton3D/Physical Bone Hand_L" index="0"]
transform = Transform3D(1, 0, 0, 0, 0, 1, 0, -1, 0, 0, 0, 0)
shape = SubResource("CapsuleShape3D_4e2bm")

[node name="Physical Bone FingerLittle_L" type="PhysicalBone3D" parent="ManCasual3Armature/Skeleton3D" index="9"]
transform = Transform3D(-0.998972, 0.00773348, -0.0448871, -0.0452931, -0.0646861, 0.996892, 0.00479619, 0.999028, 0.0648859, 0.161738, 1.10761, -0.0650374)
disable_mode = 2
axis_lock_linear_x = true
axis_lock_linear_y = true
axis_lock_linear_z = true
joint_type = 1
joint_offset = Transform3D(1, 0, 0, 0, 1, 0, 0, 0, 1, 2.23713e-05, 6.45822e-07, 0.0107959)
body_offset = Transform3D(1.00001, -3.89526e-06, 3.68612e-06, 3.78827e-06, 1.02744e-05, -1.00001, -1.4808e-07, 1.00115, 8.41916e-07, -2.24113e-05, 0.010796, -6.55651e-07)
bone_name = "FingerLittle.L"
joint_constraints/bias = 0.3
joint_constraints/damping = 1.0
joint_constraints/impulse_clamp = 0.0

[node name="Physical Bone FingerLittle01_L" type="PhysicalBone3D" parent="ManCasual3Armature/Skeleton3D" index="10"]
transform = Transform3D(-0.00661481, 0.975693, 0.219042, -0.0219859, -0.219136, 0.975446, 0.999736, 0.00163668, 0.022901, 0.15995, 1.0868, -0.0659935)
disable_mode = 2
axis_lock_linear_x = true
axis_lock_linear_y = true
axis_lock_linear_z = true
joint_type = 1
joint_offset = Transform3D(1, 0, 0, 0, 1, 0, 0, 0, 1, 1.72635e-05, 1.3298e-05, 0.0102304)
body_offset = Transform3D(1, -7.46222e-08, -4.65661e-08, 5.7742e-08, -3.60246e-06, -1, 9.56934e-08, 1, -3.51981e-06, -1.7263e-05, 0.0102304, -1.3262e-05)
bone_name = "FingerLittle01.L"
joint_constraints/bias = 0.3
joint_constraints/damping = 1.0
joint_constraints/impulse_clamp = 0.0

[node name="Physical Bone FingerRing_L" type="PhysicalBone3D" parent="ManCasual3Armature/Skeleton3D" index="11"]
transform = Transform3D(-1.00509, 0.00883169, -0.0146853, -0.0152111, -0.0585272, 1.0004, 0.00791132, 1.00185, 0.0586056, 0.163184, 1.10063, -0.0478717)
disable_mode = 2
axis_lock_linear_x = true
axis_lock_linear_y = true
axis_lock_linear_z = true
joint_type = 1
joint_offset = Transform3D(1, 0, 0, 0, 1, 0, 0, 0, 1, -3.00038e-06, -6.48607e-07, 0.0106219)
body_offset = Transform3D(1.00524, -4.06681e-05, 1.97184e-06, -4.7592e-06, -2.60398e-05, -1.00222, -1.93575e-05, 1.0036, 7.9684e-06, 2.99513e-06, 0.0106455, 5.66244e-07)
bone_name = "FingerRing.L"
joint_constraints/bias = 0.3
joint_constraints/damping = 1.0
joint_constraints/impulse_clamp = 0.0

[node name="Physical Bone FingerRing01_L" type="PhysicalBone3D" parent="ManCasual3Armature/Skeleton3D" index="12"]
transform = Transform3D(0.000143035, 0.913679, 0.406369, 0.00541224, -0.406363, 0.913688, 0.997969, 0.00207549, -0.00500334, 0.158359, 1.07872, -0.0484341)
disable_mode = 2
axis_lock_linear_x = true
axis_lock_linear_y = true
axis_lock_linear_z = true
joint_type = 1
joint_offset = Transform3D(1, 0, 0, 0, 1, 0, 0, 0, 1, -1.77719e-06, -1.23942e-05, 0.0122948)
body_offset = Transform3D(0.997984, 3.39234e-07, 7.60471e-06, -2.35299e-06, 3.27882e-06, -0.999993, 2.14623e-06, 0.999972, -5.16878e-06, 1.68011e-06, 0.0122947, 1.24574e-05)
bone_name = "FingerRing01.L"
joint_constraints/bias = 0.3
joint_constraints/damping = 1.0
joint_constraints/impulse_clamp = 0.0

[node name="Physical Bone FingerMiddle_L" type="PhysicalBone3D" parent="ManCasual3Armature/Skeleton3D" index="13"]
transform = Transform3D(-0.994667, 0.00411801, 0.103154, 0.103042, -0.0217027, 0.99444, 0.00633383, 0.999756, 0.0211623, 0.161406, 1.09737, -0.0317081)
disable_mode = 2
axis_lock_linear_x = true
axis_lock_linear_y = true
axis_lock_linear_z = true
joint_type = 1
joint_offset = Transform3D(1, 0, 0, 0, 1, 0, 0, 0, 1, -1.46216e-05, -1.83812e-06, 0.0145255)
body_offset = Transform3D(1.00001, 3.3062e-08, 4.86901e-06, 6.03017e-06, -2.6077e-08, -1, 7.54371e-08, 1, -1.49012e-07, 1.4551e-05, 0.0145255, 1.84029e-06)
bone_name = "FingerMiddle.L"
joint_constraints/bias = 0.3
joint_constraints/damping = 1.0
joint_constraints/impulse_clamp = 0.0

[node name="Physical Bone FingerMiddle01_L" type="PhysicalBone3D" parent="ManCasual3Armature/Skeleton3D" index="14"]
transform = Transform3D(0.000894224, 0.894313, 0.447442, 0.00683258, -0.447437, 0.894289, 0.999976, 0.00225764, -0.00651485, 0.155687, 1.07447, -0.0319562)
disable_mode = 2
axis_lock_linear_x = true
axis_lock_linear_y = true
axis_lock_linear_z = true
joint_type = 1
joint_offset = Transform3D(1, 0, 0, 0, 1, 0, 0, 0, 1, 5.29014e-07, 2.96421e-06, 0.00946033)
body_offset = Transform3D(1, 4.47035e-08, -4.53088e-06, -1.34576e-07, -5.0592e-06, -1, 1.60653e-08, 1, -4.60712e-06, -4.8615e-07, 0.00946033, -2.92063e-06)
bone_name = "FingerMiddle01.L"
joint_constraints/bias = 0.3
joint_constraints/damping = 1.0
joint_constraints/impulse_clamp = 0.0

[node name="Physical Bone FingerIndex_L" type="PhysicalBone3D" parent="ManCasual3Armature/Skeleton3D" index="15"]
transform = Transform3D(-0.9999, 0.00698366, -0.0122818, -0.0121135, 0.0232997, 0.999835, 0.00726641, 0.999834, -0.0232141, 0.161753, 1.10061, -0.0147822)
disable_mode = 2
axis_lock_linear_x = true
axis_lock_linear_y = true
axis_lock_linear_z = true
joint_type = 1
joint_offset = Transform3D(1, 0, 0, 0, 1, 0, 0, 0, 1, 0.000815801, -9.41539e-06, 0.0099144)
body_offset = Transform3D(1, 1.1269e-07, -5.89821e-06, -6.38225e-06, 8.13976e-07, -1.00018, 2.37487e-08, 1.00013, 6.57514e-07, -0.000815742, 0.00991619, 9.41008e-06)
bone_name = "FingerIndex.L"
joint_constraints/bias = 0.3
joint_constraints/damping = 1.0
joint_constraints/impulse_clamp = 0.0

[node name="Physical Bone FingerIndex01_L" type="PhysicalBone3D" parent="ManCasual3Armature/Skeleton3D" index="16"]
transform = Transform3D(0.000395644, 0.934763, 0.355663, 0.00700783, -0.356082, 0.934644, 0.999975, 0.0021281, -0.0066881, 0.158449, 1.08339, -0.0144891)
disable_mode = 2
axis_lock_linear_x = true
axis_lock_linear_y = true
axis_lock_linear_z = true
joint_type = 1
joint_offset = Transform3D(1, 0, 0, 0, 1, 0, 0, 0, 1, -7.34768e-06, 8.08595e-07, 0.00735103)
body_offset = Transform3D(1, 1.87452e-06, -6.95698e-07, -3.22377e-06, 0.000424283, -1.00005, 5.66011e-07, 1.00029, 6.02466e-05, 7.35279e-06, 0.0073514, -1.2517e-06)
bone_name = "FingerIndex01.L"
joint_constraints/bias = 0.3
joint_constraints/damping = 1.0
joint_constraints/impulse_clamp = 0.0

[node name="Physical Bone FingerThumb_L" type="PhysicalBone3D" parent="ManCasual3Armature/Skeleton3D" index="17"]
transform = Transform3D(-0.998231, -0.0019933, 0.059597, 0.05191, 0.462708, 0.885035, -0.0293369, 0.886565, -0.461801, 0.146411, 1.14003, 0.00222683)
disable_mode = 2
axis_lock_linear_x = true
axis_lock_linear_y = true
axis_lock_linear_z = true
joint_type = 1
joint_offset = Transform3D(1, 0, 0, 0, 1, 0, 0, 0, 1, 1.54912e-05, 5.6338e-06, 0.0120695)
body_offset = Transform3D(1.00001, 1.84402e-07, -8.46293e-06, -6.91973e-06, 5.00679e-06, -1.00005, -1.08033e-07, 1.00005, -1.74046e-05, -1.53892e-05, 0.0120701, -5.42402e-06)
bone_name = "FingerThumb.L"
joint_constraints/bias = 0.3
joint_constraints/damping = 1.0
joint_constraints/impulse_clamp = 0.0

[node name="Physical Bone FingerThumb01_L" type="PhysicalBone3D" parent="ManCasual3Armature/Skeleton3D" index="18"]
transform = Transform3D(-0.074575, 0.99297, 0.0919152, 0.291486, -0.066441, 0.954264, 0.953661, 0.0979565, -0.284482, 0.1448, 1.12016, 0.010545)
disable_mode = 2
axis_lock_linear_x = true
axis_lock_linear_y = true
axis_lock_linear_z = true
joint_type = 1
joint_offset = Transform3D(1, 0, 0, 0, 1, 0, 0, 0, 1, -1.22359e-07, -7.90257e-06, 0.00961436)
body_offset = Transform3D(0.999998, 2.83122e-07, 3.27826e-07, -1.78814e-07, -9.0301e-06, -0.999999, -4.76837e-07, 1, -9.17166e-06, 1.19209e-07, 0.00961435, 7.99075e-06)
bone_name = "FingerThumb01.L"
joint_constraints/bias = 0.3
joint_constraints/damping = 1.0
joint_constraints/impulse_clamp = 0.0

[node name="Physical Bone Neck" type="PhysicalBone3D" parent="ManCasual3Armature/Skeleton3D" index="19"]
transform = Transform3D(1, 2.36649e-07, -5.06191e-11, 5.73301e-08, -0.24172, -0.970346, -2.31115e-07, 0.970346, -0.24172, 2.26498e-06, 1.78596, -0.0280291)
disable_mode = 2
axis_lock_linear_x = true
axis_lock_linear_y = true
axis_lock_linear_z = true
joint_type = 1
joint_offset = Transform3D(1, 0, 0, 0, 1, 0, 0, 0, 1, -2.26499e-06, 1.19209e-07, 0.0481323)
body_offset = Transform3D(1, -1.47037e-09, 1.844e-10, 1.13687e-13, -1.49012e-08, -1, 1.42109e-14, 1, 0, 2.26498e-06, 0.0481323, -1.19209e-07)
bone_name = "Neck"
joint_constraints/bias = 0.3
joint_constraints/damping = 1.0
joint_constraints/impulse_clamp = 0.0

[node name="CollisionShape3D" type="CollisionShape3D" parent="ManCasual3Armature/Skeleton3D/Physical Bone Neck" index="0"]
transform = Transform3D(1, 0, 0, 0, 0, 1, 0, -1, 0, 0, 0, 0)
shape = SubResource("CapsuleShape3D_n63yl")

[node name="Physical Bone Head" type="PhysicalBone3D" parent="ManCasual3Armature/Skeleton3D" index="20"]
transform = Transform3D(-0.98915, -0.110007, -0.0978005, -0.00788336, 0.704399, -0.709782, 0.146698, -0.701314, -0.697621, 0.00723402, 1.88517, 0.0352126)
disable_mode = 2
axis_lock_linear_x = true
axis_lock_linear_y = true
axis_lock_linear_z = true
joint_type = 1
joint_offset = Transform3D(1, 0, 0, 0, 1, 0, 0, 0, 1, -9.04314e-07, 9.68575e-08, 0.0739762)
body_offset = Transform3D(-0.98915, -0.110007, -0.0978003, -3.72529e-09, 0.665751, -0.746195, 0.146909, -0.738103, -0.658528, 0.00723401, 0.0552006, 0.0487156)
bone_name = "Head"
joint_constraints/bias = 0.3
joint_constraints/damping = 1.0
joint_constraints/impulse_clamp = 0.0

[node name="CollisionShape3D" type="CollisionShape3D" parent="ManCasual3Armature/Skeleton3D/Physical Bone Head" index="0"]
transform = Transform3D(1, 0, 0, 0, 0, 1, 0, -1, 0, 0, 0, 0)
shape = SubResource("CapsuleShape3D_bevim")

[node name="Physical Bone Shoulder_R" type="PhysicalBone3D" parent="ManCasual3Armature/Skeleton3D" index="21"]
transform = Transform3D(-2.20689e-07, -0.434069, 0.90088, -8.02863e-07, 0.90088, 0.434069, -1, -5.96046e-07, -5.44248e-07, -0.0730989, 1.70404, -0.0396635)
disable_mode = 2
axis_lock_linear_x = true
axis_lock_linear_y = true
axis_lock_linear_z = true
joint_type = 1
joint_offset = Transform3D(1, 0, 0, 0, 1, 0, 0, 0, 1, 1.78479e-09, 1.10674e-06, 0.0811422)
body_offset = Transform3D(1, -7.95808e-13, -2.19958e-08, -4.14622e-09, -2.38419e-07, -1, 2.84217e-13, 1, -4.17232e-07, 0, 0.0811422, -1.07288e-06)
bone_name = "Shoulder.R"
joint_constraints/bias = 0.3
joint_constraints/damping = 1.0
joint_constraints/impulse_clamp = 0.0

[node name="CollisionShape3D" type="CollisionShape3D" parent="ManCasual3Armature/Skeleton3D/Physical Bone Shoulder_R" index="0"]
transform = Transform3D(1, 0, 0, 0, 0, 1, 0, -1, 0, 0, 0, 0)
shape = SubResource("CapsuleShape3D_qkfnh")

[node name="Physical Bone UpperArm_R" type="PhysicalBone3D" parent="ManCasual3Armature/Skeleton3D" index="22"]
transform = Transform3D(-0.00356566, -0.999962, -0.00795991, 0.0266579, -0.0080505, 0.999612, -0.999588, 0.00335268, 0.0266841, -0.145256, 1.53078, -0.0433434)
disable_mode = 2
axis_lock_linear_x = true
axis_lock_linear_y = true
axis_lock_linear_z = true
joint_type = 1
joint_offset = Transform3D(1, 0, 0, 0, 1, 0, 0, 0, 1, 4.37084e-06, -0.000155886, 0.138092)
body_offset = Transform3D(0.99995, -4.88944e-09, 2.36556e-07, -2.59839e-06, 5.90997e-07, -1, -3.58094e-07, 1, 2.30521e-06, -4.40329e-06, 0.138092, 0.000155568)
bone_name = "UpperArm.R"
joint_constraints/bias = 0.3
joint_constraints/damping = 1.0
joint_constraints/impulse_clamp = 0.0

[node name="CollisionShape3D" type="CollisionShape3D" parent="ManCasual3Armature/Skeleton3D/Physical Bone UpperArm_R" index="0"]
transform = Transform3D(1, 0, 0, 0, 0, 1, 0, -1, 0, 0, 0, 0)
shape = SubResource("CapsuleShape3D_tm2fe")

[node name="Physical Bone LowerArm_R" type="PhysicalBone3D" parent="ManCasual3Armature/Skeleton3D" index="23"]
transform = Transform3D(-0.568932, -0.821523, -0.0376405, -0.0891195, 0.0160894, 0.995891, -0.817541, 0.569949, -0.0823685, -0.140258, 1.30383, -0.039939)
disable_mode = 2
axis_lock_linear_x = true
axis_lock_linear_y = true
axis_lock_linear_z = true
joint_type = 1
joint_offset = Transform3D(1, 0, 0, 0, 1, 0, 0, 0, 1, 3.41251e-06, 0.000463485, 0.0892936)
body_offset = Transform3D(1, -2.98023e-08, 1.33365e-06, 2.98023e-08, 2.64496e-07, -1, 0, 1, 1.75089e-07, -3.53158e-06, 0.0892936, -0.000463501)
bone_name = "LowerArm.R"
joint_constraints/bias = 0.3
joint_constraints/damping = 1.0
joint_constraints/impulse_clamp = 0.0

[node name="CollisionShape3D" type="CollisionShape3D" parent="ManCasual3Armature/Skeleton3D/Physical Bone LowerArm_R" index="0"]
transform = Transform3D(1, 0, 0, 0, 0, 1, 0, -1, 0, 0, 0, 0)
shape = SubResource("CapsuleShape3D_4youo")

[node name="Physical Bone Hand_R" type="PhysicalBone3D" parent="ManCasual3Armature/Skeleton3D" index="24"]
transform = Transform3D(-0.731349, 0.664306, 0.159307, -0.00135291, -0.234549, 0.972106, 0.683821, 0.709723, 0.172159, -0.145344, 1.16633, -0.0408505)
disable_mode = 2
axis_lock_linear_x = true
axis_lock_linear_y = true
axis_lock_linear_z = true
joint_type = 1
joint_offset = Transform3D(1, 0, 0, 0, 1, 0, 0, 0, 1, -0.000126624, 2.08743e-05, 0.0499584)
body_offset = Transform3D(-0.146552, -0.964571, -0.219407, 1.79419e-06, 0.221805, -0.975094, 0.990458, -0.142923, -0.0325621, 0.0109628, 0.0487095, 0.00175515)
bone_name = "Hand.R"
joint_constraints/bias = 0.3
joint_constraints/damping = 1.0
joint_constraints/impulse_clamp = 0.0

[node name="CollisionShape3D" type="CollisionShape3D" parent="ManCasual3Armature/Skeleton3D/Physical Bone Hand_R" index="0"]
transform = Transform3D(1, 0, 0, 0, 0, 1, 0, -1, 0, 0, 0, 0)
shape = SubResource("CapsuleShape3D_m4hmx")

[node name="Physical Bone FingerLittle_R" type="PhysicalBone3D" parent="ManCasual3Armature/Skeleton3D" index="25"]
transform = Transform3D(-0.824471, 0.564658, 0.0346999, 0.0226061, -0.0284005, 0.999324, 0.565193, 0.82483, 0.0106557, -0.153536, 1.10686, -0.0496782)
disable_mode = 2
axis_lock_linear_x = true
axis_lock_linear_y = true
axis_lock_linear_z = true
joint_type = 1
joint_offset = Transform3D(1, 0, 0, 0, 1, 0, 0, 0, 1, 4.91015e-05, 3.74089e-07, 0.0108604)
body_offset = Transform3D(0.999853, 1.19209e-07, 3.20375e-06, -1.04774e-06, -1.07102e-07, -0.999983, 2.5034e-06, 0.999995, 1.21724e-06, -4.91291e-05, 0.0108602, -3.8743e-07)
bone_name = "FingerLittle.R"
joint_constraints/bias = 0.3
joint_constraints/damping = 1.0
joint_constraints/impulse_clamp = 0.0

[node name="Physical Bone FingerLittle01_R" type="PhysicalBone3D" parent="ManCasual3Armature/Skeleton3D" index="26"]
transform = Transform3D(-0.575827, -0.795472, -0.205035, -0.0145682, -0.243607, 0.970483, -0.817442, 0.564688, 0.127133, -0.151862, 1.08614, -0.0510604)
disable_mode = 2
axis_lock_linear_x = true
axis_lock_linear_y = true
axis_lock_linear_z = true
joint_type = 1
joint_offset = Transform3D(1, 0, 0, 0, 1, 0, 0, 0, 1, -5.69649e-07, -9.66628e-06, 0.0102268)
body_offset = Transform3D(1, 2.41399e-06, 3.35276e-07, -2.30223e-06, 0.00152862, -1.00002, 8.34465e-07, 1.00548, 1.81794e-06, 5.66244e-07, 0.010227, 9.70066e-06)
bone_name = "FingerLittle01.R"
joint_constraints/bias = 0.3
joint_constraints/damping = 1.0
joint_constraints/impulse_clamp = 0.0

[node name="Physical Bone FingerRing_R" type="PhysicalBone3D" parent="ManCasual3Armature/Skeleton3D" index="27"]
transform = Transform3D(-0.825209, 0.563772, 0.00618163, -0.00764184, -0.0221576, 0.999708, 0.563275, 0.825633, 0.0226069, -0.144434, 1.1005, -0.0347876)
disable_mode = 2
axis_lock_linear_x = true
axis_lock_linear_y = true
axis_lock_linear_z = true
joint_type = 1
joint_offset = Transform3D(1, 0, 0, 0, 1, 0, 0, 0, 1, 0.000351765, -1.08955e-05, 0.0106853)
body_offset = Transform3D(0.999153, 0, -1.19358e-05, -5.08036e-06, 5.96046e-08, -0.999983, -1.54972e-06, 1, -1.08406e-06, -0.00035134, 0.0106851, 1.09076e-05)
bone_name = "FingerRing.R"
joint_constraints/bias = 0.3
joint_constraints/damping = 1.0
joint_constraints/impulse_clamp = 0.0

[node name="Physical Bone FingerRing01_R" type="PhysicalBone3D" parent="ManCasual3Armature/Skeleton3D" index="28"]
transform = Transform3D(-0.569356, -0.732967, -0.3723, -0.0418102, -0.42646, 0.903539, -0.821052, 0.529992, 0.212154, -0.140218, 1.07874, -0.0374466)
disable_mode = 2
axis_lock_linear_x = true
axis_lock_linear_y = true
axis_lock_linear_z = true
joint_type = 1
joint_offset = Transform3D(1, 0, 0, 0, 1, 0, 0, 0, 1, 1.2394e-06, -3.36895e-07, 0.0122951)
body_offset = Transform3D(1.00002, -1.69873e-06, 4.63426e-06, 2.23517e-07, 4.24683e-07, -1, -2.98023e-08, 1, 7.37607e-07, -1.2964e-06, 0.0122951, 3.27826e-07)
bone_name = "FingerRing01.R"
joint_constraints/bias = 0.3
joint_constraints/damping = 1.0
joint_constraints/impulse_clamp = 0.0

[node name="Physical Bone FingerMiddle_R" type="PhysicalBone3D" parent="ManCasual3Armature/Skeleton3D" index="29"]
transform = Transform3D(-0.816115, 0.567071, -0.111646, -0.125553, 0.0146095, 0.991999, 0.564086, 0.823685, 0.0592681, -0.133941, 1.09792, -0.0222827)
disable_mode = 2
axis_lock_linear_x = true
axis_lock_linear_y = true
axis_lock_linear_z = true
joint_type = 1
joint_offset = Transform3D(1, 0, 0, 0, 1, 0, 0, 0, 1, 5.32475e-06, -2.91496e-08, 0.0145188)
body_offset = Transform3D(1, -1.19209e-07, 2.02656e-06, 1.93343e-06, 4.5076e-07, -1.00002, -2.98023e-08, 1.00012, -4.47035e-08, -5.35417e-06, 0.0145191, 2.98023e-08)
bone_name = "FingerMiddle.R"
joint_constraints/bias = 0.3
joint_constraints/damping = 1.0
joint_constraints/impulse_clamp = 0.0

[node name="Physical Bone FingerMiddle01_R" type="PhysicalBone3D" parent="ManCasual3Armature/Skeleton3D" index="30"]
transform = Transform3D(-0.567943, -0.715332, -0.406108, -0.0431467, -0.467052, 0.883174, -0.820408, 0.519771, 0.234691, -0.128479, 1.07515, -0.0253624)
disable_mode = 2
axis_lock_linear_x = true
axis_lock_linear_y = true
axis_lock_linear_z = true
joint_type = 1
joint_offset = Transform3D(1, 0, 0, 0, 1, 0, 0, 0, 1, 1.63696e-07, 2.45754e-06, 0.00946176)
body_offset = Transform3D(0.998744, -1.19209e-07, 4.47035e-08, 2.19047e-06, -1.24425e-06, -1, -4.73857e-06, 1, -1.45286e-06, -1.63913e-07, 0.00946176, -2.44379e-06)
bone_name = "FingerMiddle01.R"
joint_constraints/bias = 0.3
joint_constraints/damping = 1.0
joint_constraints/impulse_clamp = 0.0

[node name="Physical Bone FingerIndex_R" type="PhysicalBone3D" parent="ManCasual3Armature/Skeleton3D" index="31"]
transform = Transform3D(-0.825501, 0.562856, -0.0423605, -0.0106555, 0.0595022, 0.998171, 0.564371, 0.82441, -0.0431208, -0.124027, 1.10148, -0.00869884)
disable_mode = 2
axis_lock_linear_x = true
axis_lock_linear_y = true
axis_lock_linear_z = true
joint_type = 1
joint_offset = Transform3D(1, 0, 0, 0, 1, 0, 0, 0, 1, -6.27223e-06, 1.15965e-08, 0.010199)
body_offset = Transform3D(1.00004, -5.96046e-08, 1.01384e-05, 1.3629e-05, -1.24425e-06, -1, 4.17233e-07, 1, -4.09782e-08, 6.16908e-06, 0.010199, -1.11759e-08)
bone_name = "FingerIndex.R"
joint_constraints/bias = 0.3
joint_constraints/damping = 1.0
joint_constraints/impulse_clamp = 0.0

[node name="Physical Bone FingerIndex01_R" type="PhysicalBone3D" parent="ManCasual3Armature/Skeleton3D" index="32"]
transform = Transform3D(-0.569059, -0.752128, -0.332411, -0.0433735, -0.376223, 0.925513, -0.821189, 0.541073, 0.181461, -0.121151, 1.08463, -0.0096018)
disable_mode = 2
axis_lock_linear_x = true
axis_lock_linear_y = true
axis_lock_linear_z = true
joint_type = 1
joint_offset = Transform3D(1, 0, 0, 0, 1, 0, 0, 0, 1, 6.98239e-07, -1.59097e-06, 0.00735533)
body_offset = Transform3D(1.00003, 1.49012e-07, 5.34952e-06, 1.04308e-07, 1.67638e-06, -1, -1.78814e-07, 1, 1.55717e-06, -7.37607e-07, 0.00735533, 1.57952e-06)
bone_name = "FingerIndex01.R"
joint_constraints/bias = 0.3
joint_constraints/damping = 1.0
joint_constraints/impulse_clamp = 0.0

[node name="Physical Bone FingerThumb_R" type="PhysicalBone3D" parent="ManCasual3Armature/Skeleton3D" index="33"]
transform = Transform3D(-0.800726, 0.488512, -0.346687, -0.0732317, 0.494576, 0.866044, 0.594537, 0.718854, -0.360243, -0.103919, 1.14212, -0.00375533)
disable_mode = 2
axis_lock_linear_x = true
axis_lock_linear_y = true
axis_lock_linear_z = true
joint_type = 1
joint_offset = Transform3D(1, 0, 0, 0, 1, 0, 0, 0, 1, 4.97642e-05, 7.29906e-06, 0.0120494)
body_offset = Transform3D(1, 2.20537e-06, 6.03497e-06, 4.17233e-06, -4.29153e-06, -1, 0, 1, -2.26498e-06, -4.98369e-05, 0.0120494, -7.27177e-06)
bone_name = "FingerThumb.R"
joint_constraints/bias = 0.3
joint_constraints/damping = 1.0
joint_constraints/impulse_clamp = 0.0

[node name="Physical Bone FingerThumb01_R" type="PhysicalBone3D" parent="ManCasual3Armature/Skeleton3D" index="34"]
transform = Transform3D(-0.593042, -0.756764, -0.27496, -0.327601, -0.0851678, 0.940965, -0.735513, 0.648111, -0.197405, -0.0971162, 1.1226, 0.00253557)
disable_mode = 2
axis_lock_linear_x = true
axis_lock_linear_y = true
axis_lock_linear_z = true
joint_type = 1
joint_offset = Transform3D(1, 0, 0, 0, 1, 0, 0, 0, 1, 1.76933e-07, 8.39875e-07, 0.00961238)
body_offset = Transform3D(1, -2.98023e-07, -6.00517e-06, -1.54972e-06, -1.21593e-05, -0.999994, -1.49012e-07, 0.999997, -1.21891e-05, -1.19209e-07, 0.00961232, -7.22706e-07)
bone_name = "FingerThumb01.R"
joint_constraints/bias = 0.3
joint_constraints/damping = 1.0
joint_constraints/impulse_clamp = 0.0

[node name="Physical Bone UpperLeg_L" type="PhysicalBone3D" parent="ManCasual3Armature/Skeleton3D" index="35"]
transform = Transform3D(0.000144562, -1.00071, 0.0330872, -0.0202558, 0.0331191, 0.999248, -0.999854, -0.000819655, -0.0202387, 0.0770994, 0.902224, -0.00860457)
disable_mode = 2
axis_lock_linear_x = true
axis_lock_linear_y = true
axis_lock_linear_z = true
joint_type = 1
joint_offset = Transform3D(1, 0, 0, 0, 1, 0, 0, 0, 1, -1.00426e-06, 2.74189e-07, 0.206669)
body_offset = Transform3D(1.00006, 3.87145e-06, -2.98023e-08, -1.86265e-09, -4.58767e-08, -1, -6.93835e-08, 1.00127, -1.25383e-08, 1.01048e-06, 0.206669, -2.71946e-07)
bone_name = "UpperLeg.L"
joint_constraints/bias = 0.3
joint_constraints/damping = 1.0
joint_constraints/impulse_clamp = 0.0

[node name="CollisionShape3D" type="CollisionShape3D" parent="ManCasual3Armature/Skeleton3D/Physical Bone UpperLeg_L" index="0"]
transform = Transform3D(1, 0, 0, 0, 0, 1, 0, -1, 0, 0, 0, 0)
shape = SubResource("CapsuleShape3D_mdakc")

[node name="Physical Bone LowerLeg_L" type="PhysicalBone3D" parent="ManCasual3Armature/Skeleton3D" index="36"]
transform = Transform3D(0.999445, 0.0016802, 0.0329414, -0.0329822, 0.0465046, 0.998374, 0.000145964, -0.998916, 0.0465349, 0.0637012, 0.496888, -0.013689)
disable_mode = 2
axis_lock_linear_x = true
axis_lock_linear_y = true
axis_lock_linear_z = true
joint_type = 1
joint_offset = Transform3D(1, 0, 0, 0, 1, 0, 0, 0, 1, -3.21937e-07, -3.95796e-07, 0.199154)
body_offset = Transform3D(1, -6.12781e-08, 1.41076e-06, -8.90395e-10, 7.45058e-09, -1, -7.23085e-08, 1, -2.01166e-07, 4.09782e-08, 0.199154, 4.35859e-07)
bone_name = "LowerLeg.L"
joint_constraints/bias = 0.3
joint_constraints/damping = 1.0
joint_constraints/impulse_clamp = 0.0

[node name="CollisionShape3D" type="CollisionShape3D" parent="ManCasual3Armature/Skeleton3D/Physical Bone LowerLeg_L" index="0"]
transform = Transform3D(1, 0, 0, 0, 0, 1, 0, -1, 0, 0, 0, 0)
shape = SubResource("CapsuleShape3D_n512a")

[node name="Physical Bone Foot_L" type="PhysicalBone3D" parent="ManCasual3Armature/Skeleton3D" index="37"]
transform = Transform3D(-0.998298, 0.00145779, 0.00341598, 0.00369731, 0.394457, 0.918861, 1.37651e-06, 0.918913, -0.394432, 0.0568314, 0.254056, -0.00404692)
disable_mode = 2
axis_lock_linear_x = true
axis_lock_linear_y = true
axis_lock_linear_z = true
joint_type = 1
joint_offset = Transform3D(1, 0, 0, 0, 1, 0, 0, 0, 1, -0.000146386, -1.68814e-05, 0.0479004)
body_offset = Transform3D(0.998316, -1.10625e-07, -8.16566e-06, 4.7335e-06, -2.08616e-07, -0.999947, 4.95378e-06, 1, 6.82473e-06, 0.000146531, 0.0478979, 1.65552e-05)
bone_name = "Foot.L"
joint_constraints/bias = 0.3
joint_constraints/damping = 1.0
joint_constraints/impulse_clamp = 0.0

[node name="CollisionShape3D" type="CollisionShape3D" parent="ManCasual3Armature/Skeleton3D/Physical Bone Foot_L" index="0"]
transform = Transform3D(1, 0, 0, 0, 0, 1, 0, -1, 0, 0, 0, 0)
shape = SubResource("CapsuleShape3D_wd203")

[node name="Physical Bone UpperLeg_R" type="PhysicalBone3D" parent="ManCasual3Armature/Skeleton3D" index="38"]
transform = Transform3D(0.000126754, 0.999454, -0.0330573, 0.0202865, 0.0330454, 0.999247, 0.999794, -0.000803278, -0.0202709, -0.0771051, 0.902187, -0.00859746)
disable_mode = 2
axis_lock_linear_x = true
axis_lock_linear_y = true
axis_lock_linear_z = true
joint_type = 1
joint_offset = Transform3D(1, 0, 0, 0, 1, 0, 0, 0, 1, 1.30665e-06, 1.0874e-06, 0.206706)
body_offset = Transform3D(1, -1.19151e-07, 5.27129e-07, 2.32831e-07, -2.00125e-08, -0.999999, -5.93479e-06, 1, -2.52122e-06, -1.41561e-06, 0.206706, -5.66244e-07)
bone_name = "UpperLeg.R"
joint_constraints/bias = 0.3
joint_constraints/damping = 1.0
joint_constraints/impulse_clamp = 0.0

[node name="CollisionShape3D" type="CollisionShape3D" parent="ManCasual3Armature/Skeleton3D/Physical Bone UpperLeg_R" index="0"]
transform = Transform3D(1, 0, 0, 0, 0, 1, 0, -1, 0, 0, 0, 0)
shape = SubResource("CapsuleShape3D_6kpik")

[node name="Physical Bone LowerLeg_R" type="PhysicalBone3D" parent="ManCasual3Armature/Skeleton3D" index="39"]
