[gd_scene load_steps=22 format=3 uid="uid://58km2s5urj3l"]

[ext_resource type="PackedScene" uid="uid://38sn6sehdlip" path="res://models/jerry.glb" id="1_sqou7"]

[sub_resource type="CapsuleShape3D" id="CapsuleShape3D_wjnor"]
radius = 0.0105605
height = 0.105605

[sub_resource type="CapsuleShape3D" id="CapsuleShape3D_hpg5g"]
radius = 0.0196406
height = 0.196406

[sub_resource type="CapsuleShape3D" id="CapsuleShape3D_pqiw0"]
radius = 0.0147528
height = 0.147528

[sub_resource type="CapsuleShape3D" id="CapsuleShape3D_qqqct"]
radius = 0.0147096
height = 0.147096

[sub_resource type="CapsuleShape3D" id="CapsuleShape3D_8xs78"]
radius = 0.0162285
height = 0.162285

[sub_resource type="CapsuleShape3D" id="CapsuleShape3D_8c63d"]
radius = 0.0276163
height = 0.276163

[sub_resource type="CapsuleShape3D" id="CapsuleShape3D_b4ixk"]
radius = 0.0178604
height = 0.178604

[sub_resource type="CapsuleShape3D" id="CapsuleShape3D_4e2bm"]
radius = 0.00999657
height = 0.0999657

[sub_resource type="CapsuleShape3D" id="CapsuleShape3D_n63yl"]
radius = 0.00962626
height = 0.0962626

[sub_resource type="CapsuleShape3D" id="CapsuleShape3D_bevim"]
radius = 0.0147956
height = 0.147956

[sub_resource type="CapsuleShape3D" id="CapsuleShape3D_qkfnh"]
radius = 0.0162285
height = 0.162285

[sub_resource type="CapsuleShape3D" id="CapsuleShape3D_tm2fe"]
radius = 0.0276163
height = 0.276163

[sub_resource type="CapsuleShape3D" id="CapsuleShape3D_4youo"]
radius = 0.0178604
height = 0.178604

[sub_resource type="CapsuleShape3D" id="CapsuleShape3D_m4hmx"]
radius = 0.00999654
height = 0.0999654

[sub_resource type="CapsuleShape3D" id="CapsuleShape3D_mdakc"]
radius = 0.041333
height = 0.41333

[sub_resource type="CapsuleShape3D" id="CapsuleShape3D_n512a"]
radius = 0.0398303
height = 0.398303

[sub_resource type="CapsuleShape3D" id="CapsuleShape3D_wd203"]
radius = 0.00957561
height = 0.0957561

[sub_resource type="CapsuleShape3D" id="CapsuleShape3D_6kpik"]
radius = 0.041333
height = 0.41333

[sub_resource type="CapsuleShape3D" id="CapsuleShape3D_6bt5h"]
radius = 0.0398303
height = 0.398303

[sub_resource type="CapsuleShape3D" id="CapsuleShape3D_bu4a1"]
radius = 0.0095756
height = 0.095756

[node name="jerry" instance=ExtResource("1_sqou7")]

[node name="Skeleton3D" parent="ManCasual3Armature" index="0"]
transform = Transform3D(1, 0, 0, 0, 1, 0, 0, 0, 1, -0.100103, 0.239831, 0)
motion_scale = 1.179
animate_physical_bones = false
bones/0/rotation = Quaternion(0.0620714, 1.1898e-07, 7.39945e-09, 0.998072)
bones/1/rotation = Quaternion(-0.0401697, 1.33487e-13, -9.57721e-09, 0.999193)
bones/1/scale = Vector3(1, 1, 1)
bones/2/rotation = Quaternion(-0.0592715, 2.9238e-11, -1.4103e-08, 0.998242)
bones/3/rotation = Quaternion(-0.13476, 1.81534e-12, -3.21358e-08, 0.990878)
bones/4/rotation = Quaternion(0.525291, 0.267754, 0.654453, -0.47336)
bones/4/scale = Vector3(1, 1, 1)
bones/5/rotation = Quaternion(0.218697, -0.00128335, 0.0133872, 0.9757)
bones/5/scale = Vector3(1, 1, 1)
bones/6/rotation = Quaternion(0.0144209, -0.00121044, -0.0397277, 0.999106)
bones/7/rotation = Quaternion(-0.00771867, -0.00109092, 0.0511808, 0.998659)
bones/7/scale = Vector3(1, 1, 1)
bones/8/rotation = Quaternion(0.0023442, 0.705466, 0.0131703, 0.708617)
bones/8/scale = Vector3(1, 1, 1)
bones/9/rotation = Quaternion(-0.0790837, -0.694323, -0.10824, 0.707068)
bones/9/scale = Vector3(1, 1, 1)
bones/10/rotation = Quaternion(-0.205162, 0.0685118, -0.0141748, 0.976224)
bones/11/rotation = Quaternion(-0.0061257, 0.705024, 0.000233032, 0.709157)
bones/12/rotation = Quaternion(-0.130478, -0.682703, -0.173446, 0.697717)
bones/13/rotation = Quaternion(-0.0968712, 0.00478449, -0.0205991, 0.995072)
bones/13/scale = Vector3(1, 1, 1)
bones/14/rotation = Quaternion(-0.0348442, 0.705535, -0.0545195, 0.705715)
bones/15/rotation = Quaternion(-0.117434, -0.691653, -0.136168, 0.699488)
bones/15/scale = Vector3(1, 1, 1)
bones/16/rotation = Quaternion(0.0232256, 0.00418126, -0.0128603, 0.999639)
bones/16/scale = Vector3(1, 1, 1)
bones/17/rotation = Quaternion(0.0217781, 0.704675, -0.0296252, 0.708577)
bones/18/rotation = Quaternion(-0.138149, -0.693349, -0.12599, 0.695923)
bones/19/rotation = Quaternion(-0.0732313, 0.00455568, -0.0233742, 0.997031)
bones/20/rotation = Quaternion(0.157053, 0.686795, -0.21358, 0.67678)
bones/20/scale = Vector3(1, 1, 1)
bones/21/rotation = Quaternion(-0.0808012, -0.682944, 0.0528122, 0.724065)
bones/22/rotation = Quaternion(-0.0582937, 0.0160858, 0.0728075, 0.995511)
bones/22/scale = Vector3(1, 1, 1)
bones/23/rotation = Quaternion(0.290372, -1.3885e-10, 6.90514e-08, 0.956914)
bones/24/rotation = Quaternion(-0.0950814, 1.58372e-10, -2.25223e-08, 0.99547)
bones/25/rotation = Quaternion(-0.616793, -0.381923, -0.471236, 0.501636)
bones/25/scale = Vector3(1, 1, 1)
bones/26/rotation = Quaternion(-0.616793, -0.381923, -0.471236, 0.501636)
bones/27/rotation = Quaternion(-0.616793, 0.381922, 0.471236, 0.501636)
bones/27/scale = Vector3(1, 1, 1)
bones/29/scale = Vector3(1, 1, 1)
bones/30/rotation = Quaternion(0.218698, 0.00128203, -0.0133871, 0.9757)
bones/32/rotation = Quaternion(-0.00771866, 0.0010909, -0.0511807, 0.998659)
bones/32/scale = Vector3(1, 1, 1)
bones/33/rotation = Quaternion(0.0023442, -0.705466, -0.0131704, 0.708617)
bones/34/rotation = Quaternion(-0.0790767, 0.694319, 0.108235, 0.707074)
bones/34/scale = Vector3(1, 1, 1)
bones/35/rotation = Quaternion(-0.205179, -0.0684953, 0.0141757, 0.976222)
bones/35/scale = Vector3(1, 1, 1)
bones/36/rotation = Quaternion(-0.0061275, -0.705022, -0.000230893, 0.709159)
bones/36/scale = Vector3(1, 1, 1)
bones/38/rotation = Quaternion(-0.0968777, -0.00477813, 0.0206003, 0.995072)
bones/38/scale = Vector3(1, 1, 1)
bones/39/rotation = Quaternion(-0.0348444, -0.705535, 0.0545196, 0.705715)
bones/40/scale = Vector3(1, 1, 1)
bones/41/rotation = Quaternion(0.0232307, -0.00418664, 0.0128598, 0.999639)
bones/42/rotation = Quaternion(0.021778, -0.704675, 0.0296252, 0.708577)
bones/42/scale = Vector3(1, 1, 1)
bones/44/rotation = Quaternion(-0.0732228, -0.0045649, 0.0233731, 0.997031)
bones/45/rotation = Quaternion(0.157055, -0.686797, 0.213577, 0.676778)
bones/45/scale = Vector3(1, 1, 1)
bones/46/rotation = Quaternion(-0.0808081, 0.682956, -0.0528035, 0.724053)
bones/47/rotation = Quaternion(-0.0582809, -0.0161011, -0.0728091, 0.995511)
bones/47/scale = Vector3(1, 1, 1)
bones/48/rotation = Quaternion(0.706062, -0.0626942, -0.704271, 0.0393632)
bones/48/scale = Vector3(0.999999, 1, 0.999989)
bones/49/rotation = Quaternion(0.0235796, 0.706476, -0.0236405, 0.706949)
bones/50/rotation = Quaternion(0.014418, 0.974463, -0.224071, -0.00254409)
bones/50/scale = Vector3(1, 1, 1)
bones/51/rotation = Quaternion(0.471297, -0.000522418, -0.000777259, 0.881974)
bones/51/scale = Vector3(1, 1, 1)
bones/52/rotation = Quaternion(0.706056, 0.0626945, 0.704275, 0.0393858)
bones/53/rotation = Quaternion(0.0235795, -0.706475, 0.02364, 0.70695)
bones/54/rotation = Quaternion(-0.0144188, 0.974463, -0.224071, 0.00253968)
bones/55/rotation = Quaternion(0.471297, 0.000522867, 0.00077745, 0.881974)

[node name="Physical Bone Hips" type="PhysicalBone3D" parent="ManCasual3Armature/Skeleton3D" index="1"]
transform = Transform3D(1, -2.92744e-12, -1.4666e-13, 3.12639e-13, -0.118394, -0.992967, -3.63798e-12, 0.992967, -0.118394, 2.83122e-07, 1.03006, 0.00624958)
disable_mode = 2
axis_lock_linear_x = true
axis_lock_linear_y = true
axis_lock_linear_z = true
joint_offset = Transform3D(1, 0, 0, 0, 1, 0, 0, 0, 1, -2.83052e-07, -4.82425e-07, 0.0527864)
body_offset = Transform3D(1, -2.38419e-07, -1.32336e-09, 3.34113e-15, 0.00555053, -0.999985, 2.38416e-07, 0.999985, 0.00555053, 2.83122e-07, 0.0527856, -0.00029251)
bone_name = "Hips"

[node name="CollisionShape3D" type="CollisionShape3D" parent="ManCasual3Armature/Skeleton3D/Physical Bone Hips" index="0"]
transform = Transform3D(1, 0, 0, 0, 0, 1, 0, -1, 0, 0, 0, 0)
shape = SubResource("CapsuleShape3D_wjnor")

[node name="Physical Bone Spine" type="PhysicalBone3D" parent="ManCasual3Armature/Skeleton3D" index="2"]
transform = Transform3D(1, 2.3842e-07, -1.91847e-13, 1.04585e-08, -0.0438475, -0.999038, -2.38279e-07, 0.999038, -0.043848, -0.000357032, 1.18059, 0.0168066)
disable_mode = 2
axis_lock_linear_x = true
axis_lock_linear_y = true
axis_lock_linear_z = true
joint_type = 1
joint_offset = Transform3D(1, 0, 0, 0, 1, 0, 0, 0, 1, 0.000357032, 7.60675e-07, 0.0981771)
body_offset = Transform3D(1, 1.84741e-13, -3.19744e-14, 5.06262e-13, 5.21541e-08, -1, -8.8491e-11, 1, -4.24683e-07, -0.000357032, 0.0981771, -7.18981e-07)
bone_name = "Spine"
joint_constraints/bias = 0.3
joint_constraints/damping = 1.0
joint_constraints/impulse_clamp = 0.0

[node name="CollisionShape3D" type="CollisionShape3D" parent="ManCasual3Armature/Skeleton3D/Physical Bone Spine" index="0"]
transform = Transform3D(1, 0, 0, 0, 0, 1, 0, -1, 0, 0, 0, 0)
shape = SubResource("CapsuleShape3D_hpg5g")

[node name="Physical Bone Chest" type="PhysicalBone3D" parent="ManCasual3Armature/Skeleton3D" index="3"]
transform = Transform3D(1, 2.38475e-07, 6.03695e-11, -1.77495e-08, 0.0746811, -0.997207, -2.37814e-07, 0.997207, 0.0746822, 0.000356972, 1.35231, 0.0156043)
disable_mode = 2
axis_lock_linear_x = true
axis_lock_linear_y = true
axis_lock_linear_z = true
joint_type = 1
joint_offset = Transform3D(1, 0, 0, 0, 1, 0, 0, 0, 1, -0.000356972, -1.18687e-06, 0.0737957)
body_offset = Transform3D(1, 0, -1.77636e-13, -2.30926e-14, -1.56462e-07, -1, -4.26326e-14, 1, 9.38773e-07, 0.000356972, 0.0737957, 1.11759e-06)
bone_name = "Chest"
joint_constraints/bias = 0.3
joint_constraints/damping = 1.0
joint_constraints/impulse_clamp = 0.0

[node name="CollisionShape3D" type="CollisionShape3D" parent="ManCasual3Armature/Skeleton3D/Physical Bone Chest" index="0"]
transform = Transform3D(1, 0, 0, 0, 0, 1, 0, -1, 0, 0, 0, 0)
shape = SubResource("CapsuleShape3D_pqiw0")

[node name="Physical Bone UpperChest" type="PhysicalBone3D" parent="ManCasual3Armature/Skeleton3D" index="4"]
transform = Transform3D(1, 2.37703e-07, 1.01909e-08, -7.07333e-08, 0.338285, -0.941043, -2.27975e-07, 0.941044, 0.338285, -0.000358298, 1.49505, -0.0147822)
disable_mode = 2
axis_lock_linear_x = true
axis_lock_linear_y = true
axis_lock_linear_z = true
joint_type = 1
joint_offset = Transform3D(1, 0, 0, 0, 1, 0, 0, 0, 1, 0.000358297, -1.06589e-06, 0.0735474)
body_offset = Transform3D(1, -7.58988e-10, 1.013e-08, 1.04964e-08, 3.27826e-07, -1, 1.27898e-13, 1, 7.15256e-07, -0.000358298, 0.0735474, 1.01328e-06)
bone_name = "UpperChest"
joint_constraints/bias = 0.3
joint_constraints/damping = 1.0
joint_constraints/impulse_clamp = 0.0

[node name="CollisionShape3D" type="CollisionShape3D" parent="ManCasual3Armature/Skeleton3D/Physical Bone UpperChest" index="0"]
transform = Transform3D(1, 0, 0, 0, 0, 1, 0, -1, 0, 0, 0, 0)
shape = SubResource("CapsuleShape3D_qqqct")

[node name="Physical Bone Shoulder_L" type="PhysicalBone3D" parent="ManCasual3Armature/Skeleton3D" index="5"]
transform = Transform3D(-2.38133e-07, 0.434067, -0.900881, -1.28838e-06, 0.90088, 0.434067, 1, 1.40071e-06, 1.3451e-07, 0.0731005, 1.52904, -0.0396634)
disable_mode = 2
axis_lock_linear_x = true
axis_lock_linear_y = true
axis_lock_linear_z = true
joint_type = 1
joint_offset = Transform3D(1, 0, 0, 0, 1, 0, 0, 0, 1, -1.14043e-08, 5.63894e-07, 0.0811437)
body_offset = Transform3D(1, 8.94062e-08, -8.9006e-08, 2.87884e-08, -8.64268e-07, -1, -2.68484e-08, 1, -1.07288e-06, 1.86265e-08, 0.0811437, -4.76837e-07)
bone_name = "Shoulder.L"
joint_constraints/bias = 0.3
joint_constraints/damping = 1.0
joint_constraints/impulse_clamp = 0.0

[node name="CollisionShape3D" type="CollisionShape3D" parent="ManCasual3Armature/Skeleton3D/Physical Bone Shoulder_L" index="0"]
transform = Transform3D(1, 0, 0, 0, 0, 1, 0, -1, 0, 0, 0, 0)
shape = SubResource("CapsuleShape3D_8xs78")

[node name="Physical Bone UpperArm_L" type="PhysicalBone3D" parent="ManCasual3Armature/Skeleton3D" index="6"]
transform = Transform3D(0.0266535, 0.00805003, -0.999612, -0.00356551, 0.999962, 0.00797814, 0.999588, 0.00335225, 0.0266779, 0.284219, 1.49244, -0.0433448)
disable_mode = 2
axis_lock_linear_x = true
axis_lock_linear_y = true
axis_lock_linear_z = true
joint_type = 1
joint_offset = Transform3D(1, 0, 0, 0, 1, 0, 0, 0, 1, -3.18013e-06, 0.000270704, 0.138075)
body_offset = Transform3D(0.99995, -1.71131e-07, -6.94394e-06, -2.3935e-06, 4.00512e-07, -1, 1.94181e-07, 1, 2.08665e-05, 4.1388e-06, 0.138075, -0.000273585)
bone_name = "UpperArm.L"
joint_constraints/bias = 0.3
joint_constraints/damping = 1.0
joint_constraints/impulse_clamp = 0.0

[node name="CollisionShape3D" type="CollisionShape3D" parent="ManCasual3Armature/Skeleton3D/Physical Bone UpperArm_L" index="0"]
transform = Transform3D(1, 0, 0, 0, 0, 1, 0, -1, 0, 0, 0, 0)
shape = SubResource("CapsuleShape3D_8c63d")

[node name="Physical Bone LowerArm_L" type="PhysicalBone3D" parent="ManCasual3Armature/Skeleton3D" index="7"]
transform = Transform3D(-0.0528063, -0.0207593, -0.998409, -0.00164989, 0.999924, -0.0206999, 0.998623, 0.000563071, -0.0528281, 0.511431, 1.49346, -0.042313)
disable_mode = 2
axis_lock_linear_x = true
axis_lock_linear_y = true
axis_lock_linear_z = true
joint_type = 1
joint_offset = Transform3D(1, 0, 0, 0, 1, 0, 0, 0, 1, -1.29724e-06, 4.06728e-06, 0.089318)
body_offset = Transform3D(1.00002, 8.75641e-06, 1.17719e-06, -7.45058e-09, 1.54553e-06, -1.00002, -2.74158e-08, 1.00014, -1.64922e-07, 1.19209e-06, 0.0893198, -4.05312e-06)
bone_name = "LowerArm.L"
joint_constraints/bias = 0.3
joint_constraints/damping = 1.0
joint_constraints/impulse_clamp = 0.0

[node name="CollisionShape3D" type="CollisionShape3D" parent="ManCasual3Armature/Skeleton3D/Physical Bone LowerArm_L" index="0"]
transform = Transform3D(1, 0, 0, 0, 0, 1, 0, -1, 0, 0, 0, 0)
shape = SubResource("CapsuleShape3D_b4ixk")

[node name="Physical Bone Hand_L" type="PhysicalBone3D" parent="ManCasual3Armature/Skeleton3D" index="8"]
transform = Transform3D(-0.00199539, 0.270994, -0.966143, -0.996342, -0.140911, -0.0373898, -0.145507, 0.958363, 0.268585, 0.648866, 1.50017, -0.0509673)
disable_mode = 2
axis_lock_linear_x = true
axis_lock_linear_y = true
axis_lock_linear_z = true
joint_type = 1
joint_offset = Transform3D(1, 0, 0, 0, 1, 0, 0, 0, 1, 0.00294115, 0.000361403, 0.0500824)
body_offset = Transform3D(-0.147284, 0.970342, 0.220343, 9.90927e-07, 0.222454, -0.978442, -0.996083, -0.143886, -0.0326817, -0.0109528, 0.0489223, 0.00461841)
bone_name = "Hand.L"
joint_constraints/bias = 0.3
joint_constraints/damping = 1.0
joint_constraints/impulse_clamp = 0.0

[node name="CollisionShape3D" type="CollisionShape3D" parent="ManCasual3Armature/Skeleton3D/Physical Bone Hand_L" index="0"]
transform = Transform3D(1, 0, 0, 0, 0, 1, 0, -1, 0, 0, 0, 0)
shape = SubResource("CapsuleShape3D_4e2bm")

[node name="Physical Bone FingerLittle_L" type="PhysicalBone3D" parent="ManCasual3Armature/Skeleton3D" index="9"]
transform = Transform3D(0.0274785, 0.0648141, -0.997534, -0.99962, 0.00657862, -0.0271099, 0.00479571, 0.999028, 0.0648861, 0.707591, 1.49935, -0.0650375)
disable_mode = 2
axis_lock_linear_x = true
axis_lock_linear_y = true
axis_lock_linear_z = true
joint_type = 1
joint_offset = Transform3D(1, 0, 0, 0, 1, 0, 0, 0, 1, 2.2133e-05, 6.67988e-07, 0.0107955)
body_offset = Transform3D(1.00001, -3.89339e-06, 3.67899e-06, 3.79176e-06, 1.02744e-05, -1.00001, -1.47615e-07, 1.00115, 8.56817e-07, -2.21729e-05, 0.0107956, -6.78003e-07)
bone_name = "FingerLittle.L"
joint_constraints/bias = 0.3
joint_constraints/damping = 1.0
joint_constraints/impulse_clamp = 0.0

[node name="Physical Bone FingerLittle01_L" type="PhysicalBone3D" parent="ManCasual3Armature/Skeleton3D" index="10"]
transform = Transform3D(0.0218649, 0.236493, -0.971387, -0.00700623, 0.971631, 0.236395, 0.999736, 0.00163707, 0.0229014, 0.728368, 1.49719, -0.0659935)
disable_mode = 2
axis_lock_linear_x = true
axis_lock_linear_y = true
axis_lock_linear_z = true
joint_type = 1
joint_offset = Transform3D(1, 0, 0, 0, 1, 0, 0, 0, 1, 1.72486e-05, 1.31496e-05, 0.0102305)
body_offset = Transform3D(1, -7.60192e-08, -4.47035e-08, 5.7742e-08, -3.60625e-06, -1, 9.59262e-08, 1, -3.57791e-06, -1.72481e-05, 0.0102305, -1.3113e-05)
bone_name = "FingerLittle01.L"
joint_constraints/bias = 0.3
joint_constraints/damping = 1.0
joint_constraints/impulse_clamp = 0.0

[node name="Physical Bone FingerRing_L" type="PhysicalBone3D" parent="ManCasual3Armature/Skeleton3D" index="11"]
transform = Transform3D(-0.00270784, 0.0586757, -1.0005, -1.0052, 0.00778644, 0.00314957, 0.00791084, 1.00185, 0.0586059, 0.714602, 1.50067, -0.0478718)
disable_mode = 2
axis_lock_linear_x = true
axis_lock_linear_y = true
axis_lock_linear_z = true
joint_type = 1
joint_offset = Transform3D(1, 0, 0, 0, 1, 0, 0, 0, 1, -2.98558e-06, -6.45131e-07, 0.0106219)
body_offset = Transform3D(1.00524, -4.06653e-05, 1.97429e-06, -4.75725e-06, -2.60174e-05, -1.00222, -1.93575e-05, 1.0036, 7.99075e-06, 2.98023e-06, 0.0106455, 5.62519e-07)
bone_name = "FingerRing.L"
joint_constraints/bias = 0.3
joint_constraints/damping = 1.0
joint_constraints/impulse_clamp = 0.0

[node name="Physical Bone FingerRing01_L" type="PhysicalBone3D" parent="ManCasual3Armature/Skeleton3D" index="12"]
transform = Transform3D(-0.00540846, 0.422585, -0.906299, 0.000238926, 0.90629, 0.422591, 0.997969, 0.00207581, -0.00500291, 0.736423, 1.49546, -0.0484342)
disable_mode = 2
axis_lock_linear_x = true
axis_lock_linear_y = true
axis_lock_linear_z = true
joint_type = 1
joint_offset = Transform3D(1, 0, 0, 0, 1, 0, 0, 0, 1, -1.76596e-06, -1.2693e-05, 0.0122945)
body_offset = Transform3D(0.997984, 3.40166e-07, 7.60332e-06, -2.35345e-06, 3.24826e-06, -0.999993, 2.14577e-06, 0.999972, -5.10803e-06, 1.66893e-06, 0.0122944, 1.27554e-05)
bone_name = "FingerRing01.L"
joint_constraints/bias = 0.3
joint_constraints/damping = 1.0
joint_constraints/impulse_clamp = 0.0

[node name="Physical Bone FingerMiddle_L" type="PhysicalBone3D" parent="ManCasual3Armature/Skeleton3D" index="13"]
transform = Transform3D(-0.120756, 0.021773, -0.992444, -0.992672, 0.00372993, 0.120864, 0.0063334, 0.999756, 0.0211626, 0.717825, 1.49883, -0.0317081)
disable_mode = 2
axis_lock_linear_x = true
axis_lock_linear_y = true
axis_lock_linear_z = true
joint_type = 1
joint_offset = Transform3D(1, 0, 0, 0, 1, 0, 0, 0, 1, -1.48528e-05, -1.83994e-06, 0.0145258)
body_offset = Transform3D(1.00001, 3.21306e-08, 4.88435e-06, 6.04572e-06, -2.98023e-08, -1, 7.59028e-08, 1, -1.52737e-07, 1.4782e-05, 0.0145258, 1.84216e-06)
bone_name = "FingerMiddle.L"
joint_constraints/bias = 0.3
joint_constraints/damping = 1.0
joint_constraints/impulse_clamp = 0.0

[node name="Physical Bone FingerMiddle01_L" type="PhysicalBone3D" parent="ManCasual3Armature/Skeleton3D" index="14"]
transform = Transform3D(-0.00681517, 0.463308, -0.886171, 0.00101531, 0.886195, 0.463312, 0.999976, 0.00225794, -0.00651441, 0.74062, 1.49271, -0.0319563)
disable_mode = 2
axis_lock_linear_x = true
axis_lock_linear_y = true
axis_lock_linear_z = true
joint_type = 1
joint_offset = Transform3D(1, 0, 0, 0, 1, 0, 0, 0, 1, 5.34619e-07, 2.90459e-06, 0.0094603)
body_offset = Transform3D(1, 4.44707e-08, -4.53275e-06, -1.33645e-07, -5.00051e-06, -1, 1.53668e-08, 1, -4.60561e-06, -4.91738e-07, 0.0094603, -2.86102e-06)
bone_name = "FingerMiddle01.L"
joint_constraints/bias = 0.3
joint_constraints/damping = 1.0
joint_constraints/impulse_clamp = 0.0

[node name="Physical Bone FingerIndex_L" type="PhysicalBone3D" parent="ManCasual3Armature/Skeleton3D" index="15"]
transform = Transform3D(-0.00571235, -0.0231712, -0.999895, -0.999957, 0.00739731, 0.00554273, 0.00726594, 0.999834, -0.0232138, 0.714592, 1.49924, -0.0147823)
disable_mode = 2
axis_lock_linear_x = true
axis_lock_linear_y = true
axis_lock_linear_z = true
joint_type = 1
joint_offset = Transform3D(1, 0, 0, 0, 1, 0, 0, 0, 1, 0.000815569, -9.41912e-06, 0.00991398)
body_offset = Transform3D(1, 1.1269e-07, -5.89908e-06, -6.37911e-06, 8.13976e-07, -1.00018, 2.37487e-08, 1.00013, 6.57514e-07, -0.000815511, 0.00991577, 9.41381e-06)
bone_name = "FingerIndex.L"
joint_constraints/bias = 0.3
joint_constraints/damping = 1.0
joint_constraints/impulse_clamp = 0.0

[node name="Physical Bone FingerIndex01_L" type="PhysicalBone3D" parent="ManCasual3Armature/Skeleton3D" index="16"]
transform = Transform3D(-0.00699929, 0.372689, -0.928155, 0.000519936, 0.928266, 0.372267, 0.999975, 0.00212845, -0.00668768, 0.731751, 1.49563, -0.0144891)
disable_mode = 2
axis_lock_linear_x = true
axis_lock_linear_y = true
axis_lock_linear_z = true
joint_type = 1
joint_offset = Transform3D(1, 0, 0, 0, 1, 0, 0, 0, 1, -7.34674e-06, 6.29817e-07, 0.00735105)
body_offset = Transform3D(1, 1.87475e-06, -6.96629e-07, -3.22377e-06, 0.000424253, -1.00005, 5.65546e-07, 1.00029, 6.02477e-05, 7.35186e-06, 0.00735142, -1.07288e-06)
bone_name = "FingerIndex01.L"
joint_constraints/bias = 0.3
joint_constraints/damping = 1.0
joint_constraints/impulse_clamp = 0.0

[node name="Physical Bone FingerThumb_L" type="PhysicalBone3D" parent="ManCasual3Armature/Skeleton3D" index="17"]
transform = Transform3D(-0.069696, -0.462669, -0.883833, -0.997146, 0.00625452, 0.0753641, -0.0293373, 0.886565, -0.4618, 0.674911, 1.4846, 0.00222699)
disable_mode = 2
axis_lock_linear_x = true
axis_lock_linear_y = true
axis_lock_linear_z = true
joint_type = 1
joint_offset = Transform3D(1, 0, 0, 0, 1, 0, 0, 0, 1, 1.54803e-05, 5.60221e-06, 0.0120699)
body_offset = Transform3D(1.00001, 1.86265e-07, -8.48714e-06, -6.92904e-06, 5.03659e-06, -1.00005, -9.49949e-08, 1.00005, -1.72555e-05, -1.5378e-05, 0.0120705, -5.39422e-06)
bone_name = "FingerThumb.L"
joint_constraints/bias = 0.3
joint_constraints/damping = 1.0
joint_constraints/impulse_clamp = 0.0

[node name="Physical Bone FingerThumb01_L" type="PhysicalBone3D" parent="ManCasual3Armature/Skeleton3D" index="18"]
transform = Transform3D(-0.292769, 0.0841309, -0.952474, -0.0693678, 0.991628, 0.108911, 0.953661, 0.097957, -0.284482, 0.69474, 1.48264, 0.0105449)
disable_mode = 2
axis_lock_linear_x = true
axis_lock_linear_y = true
axis_lock_linear_z = true
joint_type = 1
joint_offset = Transform3D(1, 0, 0, 0, 1, 0, 0, 0, 1, -9.28436e-08, -7.89913e-06, 0.00961418)
body_offset = Transform3D(0.999998, 2.38419e-07, 3.57628e-07, -1.78814e-07, -9.02079e-06, -0.999999, -4.61936e-07, 1, -9.14186e-06, 8.9407e-08, 0.00961417, 7.98702e-06)
bone_name = "FingerThumb01.L"
joint_constraints/bias = 0.3
joint_constraints/damping = 1.0
joint_constraints/impulse_clamp = 0.0

[node name="Physical Bone Neck" type="PhysicalBone3D" parent="ManCasual3Armature/Skeleton3D" index="19"]
transform = Transform3D(1, 2.36649e-07, -5.06191e-11, 5.73301e-08, -0.24172, -0.970346, -2.31115e-07, 0.970346, -0.24172, 2.25008e-06, 1.61096, -0.0280289)
disable_mode = 2
axis_lock_linear_x = true
axis_lock_linear_y = true
axis_lock_linear_z = true
joint_type = 1
joint_offset = Transform3D(1, 0, 0, 0, 1, 0, 0, 0, 1, -2.25009e-06, 2.98023e-08, 0.0481324)
body_offset = Transform3D(1, -1.47026e-09, 1.844e-10, 1.13687e-13, -1.49012e-08, -1, 1.42109e-14, 1, 0, 2.25008e-06, 0.0481324, -2.98023e-08)
bone_name = "Neck"
joint_constraints/bias = 0.3
joint_constraints/damping = 1.0
joint_constraints/impulse_clamp = 0.0

[node name="CollisionShape3D" type="CollisionShape3D" parent="ManCasual3Armature/Skeleton3D/Physical Bone Neck" index="0"]
transform = Transform3D(1, 0, 0, 0, 0, 1, 0, -1, 0, 0, 0, 0)
shape = SubResource("CapsuleShape3D_n63yl")

[node name="Physical Bone Head" type="PhysicalBone3D" parent="ManCasual3Armature/Skeleton3D" index="20"]
transform = Transform3D(-0.98915, -0.110007, -0.0978005, -0.00788336, 0.704399, -0.709782, 0.146698, -0.701314, -0.697621, 0.00723402, 1.71017, 0.0352127)
disable_mode = 2
axis_lock_linear_x = true
axis_lock_linear_y = true
axis_lock_linear_z = true
joint_type = 1
joint_offset = Transform3D(1, 0, 0, 0, 1, 0, 0, 0, 1, -9.04314e-07, 2.98023e-08, 0.0739763)
body_offset = Transform3D(-0.98915, -0.110007, -0.0978003, -3.72529e-09, 0.665751, -0.746195, 0.146909, -0.738103, -0.658528, 0.00723401, 0.0552007, 0.0487156)
bone_name = "Head"
joint_constraints/bias = 0.3
joint_constraints/damping = 1.0
joint_constraints/impulse_clamp = 0.0

[node name="CollisionShape3D" type="CollisionShape3D" parent="ManCasual3Armature/Skeleton3D/Physical Bone Head" index="0"]
transform = Transform3D(1, 0, 0, 0, 0, 1, 0, -1, 0, 0, 0, 0)
shape = SubResource("CapsuleShape3D_bevim")

[node name="Physical Bone Shoulder_R" type="PhysicalBone3D" parent="ManCasual3Armature/Skeleton3D" index="21"]
transform = Transform3D(-2.20689e-07, -0.434069, 0.90088, -8.02863e-07, 0.90088, 0.434069, -1, -5.96046e-07, -5.44248e-07, -0.0730991, 1.52904, -0.0396634)
disable_mode = 2
axis_lock_linear_x = true
axis_lock_linear_y = true
axis_lock_linear_z = true
joint_type = 1
joint_offset = Transform3D(1, 0, 0, 0, 1, 0, 0, 0, 1, 1.78479e-09, 7.49111e-07, 0.0811423)
body_offset = Transform3D(1, -3.41061e-13, -2.19958e-08, -4.14622e-09, -2.38419e-07, -1, 2.84217e-13, 1, -4.17232e-07, 0, 0.0811423, -7.15256e-07)
bone_name = "Shoulder.R"
joint_constraints/bias = 0.3
joint_constraints/damping = 1.0
joint_constraints/impulse_clamp = 0.0

[node name="CollisionShape3D" type="CollisionShape3D" parent="ManCasual3Armature/Skeleton3D/Physical Bone Shoulder_R" index="0"]
transform = Transform3D(1, 0, 0, 0, 0, 1, 0, -1, 0, 0, 0, 0)
shape = SubResource("CapsuleShape3D_qkfnh")

[node name="Physical Bone UpperArm_R" type="PhysicalBone3D" parent="ManCasual3Armature/Skeleton3D" index="22"]
transform = Transform3D(0.0266577, -0.00804936, 0.999612, 0.00356587, 0.999962, 0.0079589, -0.999588, 0.00335292, 0.0266839, -0.284239, 1.49287, -0.0433433)
disable_mode = 2
axis_lock_linear_x = true
axis_lock_linear_y = true
axis_lock_linear_z = true
joint_type = 1
joint_offset = Transform3D(1, 0, 0, 0, 1, 0, 0, 0, 1, 4.37084e-06, -0.000155886, 0.138092)
body_offset = Transform3D(0.99995, -5.3551e-09, 2.36556e-07, -2.59466e-06, 5.90175e-07, -1, -3.58094e-07, 1, 2.30505e-06, -4.40329e-06, 0.138092, 0.000155568)
bone_name = "UpperArm.R"
joint_constraints/bias = 0.3
joint_constraints/damping = 1.0
joint_constraints/impulse_clamp = 0.0

[node name="CollisionShape3D" type="CollisionShape3D" parent="ManCasual3Armature/Skeleton3D/Physical Bone UpperArm_R" index="0"]
transform = Transform3D(1, 0, 0, 0, 0, 1, 0, -1, 0, 0, 0, 0)
shape = SubResource("CapsuleShape3D_tm2fe")

[node name="Physical Bone LowerArm_R" type="PhysicalBone3D" parent="ManCasual3Armature/Skeleton3D" index="23"]
transform = Transform3D(-0.0528058, 0.0207571, 0.998389, 0.00164947, 0.999784, -0.0206988, -0.998603, 0.000553794, -0.05283, -0.511415, 1.493, -0.042312)
disable_mode = 2
axis_lock_linear_x = true
axis_lock_linear_y = true
axis_lock_linear_z = true
joint_type = 1
joint_offset = Transform3D(1, 0, 0, 0, 1, 0, 0, 0, 1, 3.39624e-06, 0.000462994, 0.0892936)
body_offset = Transform3D(1, 2.52621e-08, 1.34856e-06, 3.72529e-08, 2.51057e-07, -1, 1.04774e-09, 1, 1.71534e-07, -3.51667e-06, 0.0892936, -0.000463009)
bone_name = "LowerArm.R"
joint_constraints/bias = 0.3
joint_constraints/damping = 1.0
joint_constraints/impulse_clamp = 0.0

[node name="CollisionShape3D" type="CollisionShape3D" parent="ManCasual3Armature/Skeleton3D/Physical Bone LowerArm_R" index="0"]
transform = Transform3D(1, 0, 0, 0, 0, 1, 0, -1, 0, 0, 0, 0)
shape = SubResource("CapsuleShape3D_4youo")

[node name="Physical Bone Hand_R" type="PhysicalBone3D" parent="ManCasual3Armature/Skeleton3D" index="24"]
transform = Transform3D(-0.00199183, -0.270054, 0.962846, 0.990716, -0.139962, -0.0372541, 0.144785, 0.95263, 0.267484, -0.648668, 1.49731, -0.0509617)
disable_mode = 2
axis_lock_linear_x = true
axis_lock_linear_y = true
axis_lock_linear_z = true
joint_type = 1
joint_offset = Transform3D(1, 0, 0, 0, 1, 0, 0, 0, 1, -0.000126832, 2.09267e-05, 0.0499583)
body_offset = Transform3D(-0.146552, -0.964571, -0.219407, 1.79186e-06, 0.221805, -0.975094, 0.990458, -0.142923, -0.0325621, 0.0109628, 0.0487094, 0.00175536)
bone_name = "Hand.R"
joint_constraints/bias = 0.3
joint_constraints/damping = 1.0
joint_constraints/impulse_clamp = 0.0

[node name="CollisionShape3D" type="CollisionShape3D" parent="ManCasual3Armature/Skeleton3D/Physical Bone Hand_R" index="0"]
transform = Transform3D(1, 0, 0, 0, 0, 1, 0, -1, 0, 0, 0, 0)
shape = SubResource("CapsuleShape3D_m4hmx")

[node name="Physical Bone FingerLittle_R" type="PhysicalBone3D" parent="ManCasual3Armature/Skeleton3D" index="25"]
transform = Transform3D(0.0274714, -0.0647285, 0.997508, 0.999464, 0.00656731, -0.0271021, -0.00479307, 0.997876, 0.0648842, -0.707658, 1.49928, -0.0650405)
disable_mode = 2
axis_lock_linear_x = true
axis_lock_linear_y = true
axis_lock_linear_z = true
joint_type = 1
joint_offset = Transform3D(1, 0, 0, 0, 1, 0, 0, 0, 1, 4.90867e-05, 3.44316e-07, 0.0108606)
body_offset = Transform3D(0.999853, 1.66707e-07, 3.19985e-06, -1.04494e-06, -8.9407e-08, -0.999983, 2.53739e-06, 0.999995, 1.21444e-06, -4.91142e-05, 0.0108604, -3.57628e-07)
bone_name = "FingerLittle.R"
joint_constraints/bias = 0.3
joint_constraints/damping = 1.0
joint_constraints/impulse_clamp = 0.0

[node name="Physical Bone FingerLittle01_R" type="PhysicalBone3D" parent="ManCasual3Armature/Skeleton3D" index="26"]
transform = Transform3D(0.0218621, -0.239262, 0.971409, 0.00702143, 0.976598, 0.236389, -0.999736, 0.00162366, 0.0229002, -0.72837, 1.49721, -0.0659762)
disable_mode = 2
axis_lock_linear_x = true
axis_lock_linear_y = true
axis_lock_linear_z = true
joint_type = 1
joint_offset = Transform3D(1, 0, 0, 0, 1, 0, 0, 0, 1, -5.77139e-07, -9.62161e-06, 0.0102265)
body_offset = Transform3D(1, 2.33552e-06, 3.39001e-07, -2.28174e-06, 0.00152859, -1.00002, 8.37492e-07, 1.00548, 1.79785e-06, 5.73695e-07, 0.0102267, 9.65595e-06)
bone_name = "FingerLittle01.R"
joint_constraints/bias = 0.3
joint_constraints/damping = 1.0
joint_constraints/impulse_clamp = 0.0

[node name="Physical Bone FingerRing_R" type="PhysicalBone3D" parent="ManCasual3Armature/Skeleton3D" index="27"]
transform = Transform3D(-0.00268578, -0.0584899, 0.998268, 0.999118, 0.00772392, 0.00313843, -0.00788955, 0.998258, 0.058465, -0.714641, 1.50032, -0.0478605)
disable_mode = 2
axis_lock_linear_x = true
axis_lock_linear_y = true
axis_lock_linear_z = true
joint_type = 1
joint_offset = Transform3D(1, 0, 0, 0, 1, 0, 0, 0, 1, 0.000351735, -1.09477e-05, 0.0106856)
body_offset = Transform3D(0.999153, 0, -1.19375e-05, -5.0808e-06, 6.33299e-08, -0.999983, -1.62888e-06, 1, -1.08033e-06, -0.00035131, 0.0106854, 1.09598e-05)
bone_name = "FingerRing.R"
joint_constraints/bias = 0.3
joint_constraints/damping = 1.0
joint_constraints/impulse_clamp = 0.0

[node name="Physical Bone FingerRing01_R" type="PhysicalBone3D" parent="ManCasual3Armature/Skeleton3D" index="28"]
transform = Transform3D(-0.00542234, -0.422584, 0.906308, -0.000225348, 0.906321, 0.422589, -1.00001, 0.00208874, -0.00501403, -0.736418, 1.49544, -0.0484341)
disable_mode = 2
axis_lock_linear_x = true
axis_lock_linear_y = true
axis_lock_linear_z = true
joint_type = 1
joint_offset = Transform3D(1, 0, 0, 0, 1, 0, 0, 0, 1, 1.23861e-06, -3.66735e-07, 0.0122951)
body_offset = Transform3D(1.00002, -1.52038e-06, 4.69806e-06, 2.007e-07, 3.89973e-07, -1, 3.49246e-09, 1, 7.40718e-07, -1.2964e-06, 0.0122951, 3.57628e-07)
bone_name = "FingerRing01.R"
joint_constraints/bias = 0.3
joint_constraints/damping = 1.0
joint_constraints/impulse_clamp = 0.0

[node name="Physical Bone FingerMiddle_R" type="PhysicalBone3D" parent="ManCasual3Armature/Skeleton3D" index="29"]
transform = Transform3D(-0.120763, -0.0217755, 0.992462, 0.992661, 0.00373057, 0.120874, -0.00633398, 0.999876, 0.0211626, -0.717819, 1.49884, -0.0317094)
disable_mode = 2
axis_lock_linear_x = true
axis_lock_linear_y = true
axis_lock_linear_z = true
joint_type = 1
joint_offset = Transform3D(1, 0, 0, 0, 1, 0, 0, 0, 1, 5.57369e-06, -1.61665e-08, 0.0145188)
body_offset = Transform3D(1, -2.06754e-07, 2.00773e-06, 1.94224e-06, 4.61936e-07, -1.00002, -7.07805e-08, 1.00012, -4.09782e-08, -5.60284e-06, 0.0145191, 1.67638e-08)
bone_name = "FingerMiddle.R"
joint_constraints/bias = 0.3
joint_constraints/damping = 1.0
joint_constraints/impulse_clamp = 0.0

[node name="Physical Bone FingerMiddle01_R" type="PhysicalBone3D" parent="ManCasual3Armature/Skeleton3D" index="30"]
transform = Transform3D(-0.00681021, -0.463303, 0.886174, -0.00101234, 0.886196, 0.463308, -0.99872, 0.00226564, -0.00651033, -0.740621, 1.49271, -0.0319551)
disable_mode = 2
axis_lock_linear_x = true
axis_lock_linear_y = true
axis_lock_linear_z = true
joint_type = 1
joint_offset = Transform3D(1, 0, 0, 0, 1, 0, 0, 0, 1, 1.82005e-07, 2.51664e-06, 0.00946145)
body_offset = Transform3D(0.998744, -1.6531e-08, 8.05594e-08, 2.15275e-06, -1.46261e-06, -1, -4.74928e-06, 1, -1.39913e-06, -1.82539e-07, 0.00946145, -2.5034e-06)
bone_name = "FingerMiddle01.R"
joint_constraints/bias = 0.3
joint_constraints/damping = 1.0
joint_constraints/impulse_clamp = 0.0

[node name="Physical Bone FingerIndex_R" type="PhysicalBone3D" parent="ManCasual3Armature/Skeleton3D" index="31"]
transform = Transform3D(-0.00572006, 0.0231708, 0.999715, 0.999997, 0.00739673, 0.00554641, -0.00726592, 0.999704, -0.0232109, -0.714871, 1.49843, -0.0147788)
disable_mode = 2
axis_lock_linear_x = true
axis_lock_linear_y = true
axis_lock_linear_z = true
joint_type = 1
joint_offset = Transform3D(1, 0, 0, 0, 1, 0, 0, 0, 1, -6.30197e-06, 1.89712e-08, 0.0101994)
body_offset = Transform3D(1.00004, -5.6345e-08, 1.01325e-05, 1.36254e-05, -1.24425e-06, -1, 4.35859e-07, 1, -3.35276e-08, 6.19888e-06, 0.0101994, -1.86265e-08)
bone_name = "FingerIndex.R"
joint_constraints/bias = 0.3
joint_constraints/damping = 1.0
joint_constraints/impulse_clamp = 0.0

[node name="Physical Bone FingerIndex01_R" type="PhysicalBone3D" parent="ManCasual3Armature/Skeleton3D" index="32"]
transform = Transform3D(-0.00698822, -0.372211, 0.928122, -0.000539669, 0.928146, 0.372216, -1.00001, 0.00210026, -0.006692, -0.731755, 1.49563, -0.0144953)
disable_mode = 2
axis_lock_linear_x = true
axis_lock_linear_y = true
axis_lock_linear_z = true
joint_type = 1
joint_offset = Transform3D(1, 0, 0, 0, 1, 0, 0, 0, 1, 6.98245e-07, -1.20291e-06, 0.00735542)
body_offset = Transform3D(1.00003, 1.53668e-07, 5.34859e-06, 1.18278e-07, 1.61609e-06, -1, -1.71363e-07, 1, 1.47149e-06, -7.37607e-07, 0.00735542, 1.19209e-06)
bone_name = "FingerIndex01.R"
joint_constraints/bias = 0.3
joint_constraints/damping = 1.0
joint_constraints/impulse_clamp = 0.0

[node name="Physical Bone FingerThumb_R" type="PhysicalBone3D" parent="ManCasual3Armature/Skeleton3D" index="33"]
transform = Transform3D(-0.0696849, 0.462654, 0.883797, 0.997137, 0.00625014, 0.0753528, 0.0293393, 0.886517, -0.461764, -0.674889, 1.48454, 0.00221426)
disable_mode = 2
axis_lock_linear_x = true
axis_lock_linear_y = true
axis_lock_linear_z = true
joint_type = 1
joint_offset = Transform3D(1, 0, 0, 0, 1, 0, 0, 0, 1, 4.97565e-05, 7.21109e-06, 0.0120496)
body_offset = Transform3D(1, 2.07871e-06, 6.05732e-06, 4.11645e-06, -4.29153e-06, -1, -3.1665e-08, 1, -2.38419e-06, -4.98295e-05, 0.0120496, -7.18236e-06)
bone_name = "FingerThumb.R"
joint_constraints/bias = 0.3
joint_constraints/damping = 1.0
joint_constraints/impulse_clamp = 0.0

[node name="Physical Bone FingerThumb01_R" type="PhysicalBone3D" parent="ManCasual3Armature/Skeleton3D" index="34"]
transform = Transform3D(-0.292768, -0.0841529, 0.952469, 0.0693417, 0.991625, 0.108926, -0.953666, 0.0979364, -0.284476, -0.694738, 1.48263, 0.010544)
disable_mode = 2
axis_lock_linear_x = true
axis_lock_linear_y = true
axis_lock_linear_z = true
joint_type = 1
joint_offset = Transform3D(1, 0, 0, 0, 1, 0, 0, 0, 1, 2.67056e-07, 8.32605e-07, 0.00961238)
body_offset = Transform3D(1, -2.83122e-07, -6.07967e-06, -1.60933e-06, -1.21891e-05, -0.999994, -9.68575e-08, 0.999997, -1.22078e-05, -2.08616e-07, 0.00961232, -7.15256e-07)
bone_name = "FingerThumb01.R"
joint_constraints/bias = 0.3
joint_constraints/damping = 1.0
joint_constraints/impulse_clamp = 0.0

[node name="Physical Bone UpperLeg_L" type="PhysicalBone3D" parent="ManCasual3Armature/Skeleton3D" index="35"]
transform = Transform3D(0.000144562, -1.00071, 0.0330872, -0.0202558, 0.0331191, 0.999248, -0.999854, -0.000819655, -0.0202387, 0.0770993, 0.727224, -0.00860447)
disable_mode = 2
axis_lock_linear_x = true
axis_lock_linear_y = true
axis_lock_linear_z = true
joint_type = 1
joint_offset = Transform3D(1, 0, 0, 0, 1, 0, 0, 0, 1, -9.94631e-07, 2.46093e-07, 0.206669)
body_offset = Transform3D(1.00006, 3.87128e-06, -2.23517e-08, 0, -5.22414e-08, -1, -6.94999e-08, 1.00127, -2.5957e-09, 9.99309e-07, 0.206669, -2.45869e-07)
bone_name = "UpperLeg.L"
joint_constraints/bias = 0.3
joint_constraints/damping = 1.0
joint_constraints/impulse_clamp = 0.0

[node name="CollisionShape3D" type="CollisionShape3D" parent="ManCasual3Armature/Skeleton3D/Physical Bone UpperLeg_L" index="0"]
transform = Transform3D(1, 0, 0, 0, 0, 1, 0, -1, 0, 0, 0, 0)
shape = SubResource("CapsuleShape3D_mdakc")

[node name="Physical Bone LowerLeg_L" type="PhysicalBone3D" parent="ManCasual3Armature/Skeleton3D" index="36"]
transform = Transform3D(0.999445, 0.00168139, 0.0329415, -0.0329823, 0.0465046, 0.998374, 0.000147159, -0.998916, 0.0465349, 0.0637011, 0.321888, -0.0136889)
disable_mode = 2
axis_lock_linear_x = true
axis_lock_linear_y = true
axis_lock_linear_z = true
joint_type = 1
joint_offset = Transform3D(1, 0, 0, 0, 1, 0, 0, 0, 1, -3.14349e-07, -3.92071e-07, 0.199154)
body_offset = Transform3D(1, -6.1671e-08, 1.41007e-06, -9.0904e-10, 1.49012e-08, -1, -7.23958e-08, 1, -2.01166e-07, 3.35276e-08, 0.199154, 4.32134e-07)
bone_name = "LowerLeg.L"
joint_constraints/bias = 0.3
joint_constraints/damping = 1.0
joint_constraints/impulse_clamp = 0.0

[node name="CollisionShape3D" type="CollisionShape3D" parent="ManCasual3Armature/Skeleton3D/Physical Bone LowerLeg_L" index="0"]
transform = Transform3D(1, 0, 0, 0, 0, 1, 0, -1, 0, 0, 0, 0)
shape = SubResource("CapsuleShape3D_n512a")

[node name="Physical Bone Foot_L" type="PhysicalBone3D" parent="ManCasual3Armature/Skeleton3D" index="37"]
transform = Transform3D(-0.998298, 0.00145674, 0.00341655, 0.00369743, 0.394457, 0.918861, 1.8471e-07, 0.918913, -0.394432, 0.0568314, 0.0790564, -0.00404686)
disable_mode = 2
axis_lock_linear_x = true
axis_lock_linear_y = true
axis_lock_linear_z = true
joint_type = 1
joint_offset = Transform3D(1, 0, 0, 0, 1, 0, 0, 0, 1, -0.000146374, -1.68502e-05, 0.0479004)
body_offset = Transform3D(0.998316, -1.10695e-07, -8.16427e-06, 4.73363e-06, -8.9407e-08, -0.999947, 4.95363e-06, 1, 6.79493e-06, 0.000146519, 0.0478979, 1.65254e-05)
bone_name = "Foot.L"
joint_constraints/bias = 0.3
joint_constraints/damping = 1.0
joint_constraints/impulse_clamp = 0.0

[node name="CollisionShape3D" type="CollisionShape3D" parent="ManCasual3Armature/Skeleton3D/Physical Bone Foot_L" index="0"]
transform = Transform3D(1, 0, 0, 0, 0, 1, 0, -1, 0, 0, 0, 0)
shape = SubResource("CapsuleShape3D_wd203")

[node name="Physical Bone UpperLeg_R" type="PhysicalBone3D" parent="ManCasual3Armature/Skeleton3D" index="38"]
transform = Transform3D(0.000126754, 0.999454, -0.0330573, 0.0202865, 0.0330454, 0.999247, 0.999794, -0.000803278, -0.0202709, -0.0771051, 0.727187, -0.00859738)
disable_mode = 2
axis_lock_linear_x = true
axis_lock_linear_y = true
axis_lock_linear_z = true
joint_type = 1
joint_offset = Transform3D(1, 0, 0, 0, 1, 0, 0, 0, 1, 1.31278e-06, 1.08809e-06, 0.206706)
body_offset = Transform3D(1, -1.19093e-07, 5.28991e-07, 2.44007e-07, -1.52704e-08, -0.999999, -5.93491e-06, 1, -2.52454e-06, -1.42213e-06, 0.206706, -5.66244e-07)
bone_name = "UpperLeg.R"
joint_constraints/bias = 0.3
joint_constraints/damping = 1.0
joint_constraints/impulse_clamp = 0.0

[node name="CollisionShape3D" type="CollisionShape3D" parent="ManCasual3Armature/Skeleton3D/Physical Bone UpperLeg_R" index="0"]
transform = Transform3D(1, 0, 0, 0, 0, 1, 0, -1, 0, 0, 0, 0)
shape = SubResource("CapsuleShape3D_6kpik")

