[gd_scene load_steps=10 format=3 uid="uid://nji7udnyfblo"]

[ext_resource type="Script" path="res://scripts/stage.gd" id="1_8q0qf"]
[ext_resource type="Script" path="res://scripts/comedian.gd" id="1_n1s5x"]
[ext_resource type="PackedScene" uid="uid://cbu16uy86btl2" path="res://scenes/items/bad_item_placeholder.tscn" id="2_7ke73"]
[ext_resource type="PackedScene" uid="uid://b30st27yfqklm" path="res://scenes/jerry_animated.tscn" id="3_8jxoo"]
[ext_resource type="PackedScene" uid="uid://bo2vqtg0xnepl" path="res://scenes/items/good_item_placeholder.tscn" id="3_ksrj4"]

[sub_resource type="BoxShape3D" id="BoxShape3D_ui3wm"]
size = Vector3(6, 1, 3)

[sub_resource type="BoxShape3D" id="BoxShape3D_1wk48"]
size = Vector3(5.91791, 3, 1)

[sub_resource type="BoxShape3D" id="BoxShape3D_lu5u5"]
size = Vector3(1, 3, 2.97937)

[sub_resource type="CapsuleShape3D" id="CapsuleShape3D_jhgu1"]
height = 1.6

[node name="Stage" type="Node3D"]
script = ExtResource("1_8q0qf")
player_path = NodePath("Comedian")
throwable_items = Array[PackedScene]([ExtResource("2_7ke73"), ExtResource("3_ksrj4")])

[node name="Platform" type="StaticBody3D" parent="." groups=["stage"]]

[node name="CSGBox3D" type="CSGBox3D" parent="Platform"]
size = Vector3(6, 1, 3)

[node name="CollisionShape3D" type="CollisionShape3D" parent="Platform"]
shape = SubResource("BoxShape3D_ui3wm")

[node name="Walls" type="Node3D" parent="Platform"]

[node name="FrontTrigger" type="Area3D" parent="Platform/Walls"]
transform = Transform3D(1, 0, 0, 0, 1, 0, 0, 0, 1, 0, 0, 1.9919)

[node name="CollisionShape3D" type="CollisionShape3D" parent="Platform/Walls/FrontTrigger"]
transform = Transform3D(1, 0, 0, 0, 1, 0, 0, 0, 1, 0.0246758, 1.92539, -0.0595913)
shape = SubResource("BoxShape3D_1wk48")

[node name="StaticBody3D" type="StaticBody3D" parent="Platform/Walls" groups=["stage"]]

[node name="CollisionShape3D" type="CollisionShape3D" parent="Platform/Walls/StaticBody3D"]
transform = Transform3D(1, 0, 0, 0, 1, 0, 0, 0, 1, 3.48088, 1.98283, -0.00592041)
shape = SubResource("BoxShape3D_lu5u5")

[node name="CollisionShape3D3" type="CollisionShape3D" parent="Platform/Walls/StaticBody3D"]
transform = Transform3D(1, 0, 0, 0, 1, 0, 0, 0, 1, -3.48958, 1.98283, -0.00592041)
shape = SubResource("BoxShape3D_lu5u5")

[node name="CollisionShape3D4" type="CollisionShape3D" parent="Platform/Walls/StaticBody3D"]
transform = Transform3D(1, 0, 0, 0, 1, 0, 0, 0, 1, 0.0246758, 1.92539, -2.05959)
shape = SubResource("BoxShape3D_1wk48")

[node name="Comedian" type="CharacterBody3D" parent="." node_paths=PackedStringArray("ragdoll_skeleton", "capsule_collider") groups=["player"]]
transform = Transform3D(1, 0, 0, 0, 1, 0, 0, 0, 1, 0, 1.50514, 0)
script = ExtResource("1_n1s5x")
moveSpeed = 50.0
rotationSpeed = 300.0
fall_trigger_path = NodePath("../Platform/Walls/FrontTrigger")
ragdoll_skeleton = NodePath("jerry_animated/ManCasual3Armature/Skeleton3D")
capsule_collider = NodePath(".")

[node name="CollisionShape3D" type="CollisionShape3D" parent="Comedian"]
shape = SubResource("CapsuleShape3D_jhgu1")

[node name="CSGSphere3D" type="CSGSphere3D" parent="Comedian/CollisionShape3D"]
transform = Transform3D(1, 0, 0, 0, 1.6, 0, 0, 0, 1, 0, 0, 0)
visible = false

[node name="jerry_animated" parent="Comedian" instance=ExtResource("3_8jxoo")]
transform = Transform3D(0.8, 0, 0, 0, 0.8, 0, 0, 0, 0.8, 0, -0.8, 0)

[node name="Skeleton3D" parent="Comedian/jerry_animated/ManCasual3Armature" index="0"]
animate_physical_bones = false
bones/4/rotation = Quaternion(0.525291, 0.267754, 0.654453, -0.47336)
bones/5/rotation = Quaternion(0.800706, 0.275282, -0.133123, 0.515138)
bones/6/rotation = Quaternion(0.0286889, -0.05167, 0.275296, 0.959541)
bones/30/rotation = Quaternion(-0.161891, 0.518459, 0.801986, 0.248616)
bones/31/rotation = Quaternion(0.0274973, -0.243021, 0.228642, 0.942289)
bones/48/rotation = Quaternion(0.706062, -0.0626942, -0.704271, 0.0393632)
bones/52/rotation = Quaternion(0.706056, 0.0626945, 0.704275, 0.0393858)
bones/53/rotation = Quaternion(0.0235795, -0.706475, 0.02364, 0.70695)

[node name="ManCasual3" parent="Comedian/jerry_animated/ManCasual3Armature/Skeleton3D" index="0"]
visible = true

[node name="Physical Bone Hips" parent="Comedian/jerry_animated/ManCasual3Armature/Skeleton3D" index="1"]
transform = Transform3D(1, -3.73035e-12, -9.35363e-14, 2.26485e-13, -0.118394, -0.992967, -2.82441e-12, 0.992967, -0.118394, -7.4144e-14, 1.03007, 0.00625016)
joint_offset = Transform3D(1, 0, 0, 0, 1, 0, 0, 0, 1, 7.85413e-14, 4.59026e-07, 0.0527992)
body_offset = Transform3D(1, -2.38419e-07, -1.32336e-09, -3.91687e-14, 0.00555054, -0.999985, 2.38416e-07, 0.999985, 0.00555054, 6.99032e-11, 0.0527984, -0.000293523)

[node name="Physical Bone Spine" parent="Comedian/jerry_animated/ManCasual3Armature/Skeleton3D" index="2"]
transform = Transform3D(0.999999, 2.38419e-07, -1.82964e-13, 1.0453e-08, -0.043847, -0.99903, -2.38244e-07, 0.999038, -0.0438477, -4.78682e-12, 1.18061, 0.0168077)
joint_offset = Transform3D(1, 0, 0, 0, 1, 0, 0, 0, 1, 4.6294e-12, 7.66473e-07, 0.0982047)
body_offset = Transform3D(0.999999, 7.10543e-14, 1.59872e-14, -3.40972e-12, 5.7742e-07, -0.999992, -5.47118e-11, 1, -5.21541e-07, -4.63096e-12, 0.0982039, -7.15256e-07)

[node name="Physical Bone Chest" parent="Comedian/jerry_animated/ManCasual3Armature/Skeleton3D" index="3"]
transform = Transform3D(1, 2.38474e-07, 5.5568e-11, -1.77495e-08, 0.0746812, -0.997207, -2.37813e-07, 0.997207, 0.0746822, -4.21438e-12, 1.3523, 0.015605)
joint_offset = Transform3D(1, 0, 0, 0, 1, 0, 0, 0, 1, 3.74776e-13, -9.86542e-07, 0.0737841)
body_offset = Transform3D(1, 0, -4.88676e-12, -1.95399e-14, -1.56462e-07, -1, 0, 1, 8.49366e-07, -1.42109e-14, 0.0737841, 9.23872e-07)

[node name="Physical Bone UpperChest" parent="Comedian/jerry_animated/ManCasual3Armature/Skeleton3D" index="4"]
transform = Transform3D(1, 2.38406e-07, 1.04982e-08, -7.07794e-08, 0.338486, -0.941053, -2.28071e-07, 0.941492, 0.338289, -8.2258e-10, 1.49505, -0.0147837)
joint_offset = Transform3D(1, 0, 0, 0, 1, 0, 0, 0, 1, 4.18392e-11, -1.13589e-06, 0.0735511)
body_offset = Transform3D(1, -1.7252e-10, 1.04376e-08, 1.04858e-08, 3.74317e-05, -1.00001, -1.0651e-10, 1.00049, 8.64267e-07, -8.09536e-10, 0.0735519, 1.07288e-06)

[node name="Physical Bone Shoulder_L" parent="Comedian/jerry_animated/ManCasual3Armature/Skeleton3D" index="5"]
transform = Transform3D(-2.38028e-07, 0.434066, -0.90088, -1.31877e-06, 0.900881, 0.434067, 1.00031, 1.40121e-06, 2.24377e-07, 0.0731, 1.52904, -0.0396635)
joint_offset = Transform3D(1, 0, 0, 0, 1, 0, 0, 0, 1, 7.18976e-08, -8.85964e-07, 0.0811424)
body_offset = Transform3D(1.00031, 6.01013e-08, -1.40406e-08, 5.49177e-08, -2.5928e-06, -1, -8.06547e-08, 1, -8.34465e-07, -7.07805e-08, 0.0811424, 9.53674e-07)

[node name="Physical Bone UpperArm_L" parent="Comedian/jerry_animated/ManCasual3Armature/Skeleton3D" index="6"]
transform = Transform3D(0.0266535, 0.00805064, -0.999612, -0.00356594, 0.999961, 0.00796099, 0.99958, 0.003353, 0.0266794, 0.284218, 1.4925, -0.0433455)
joint_offset = Transform3D(1, 0, 0, 0, 1, 0, 0, 0, 1, -2.41399e-06, 0.000217568, 0.138074)
body_offset = Transform3D(0.816264, -0.576166, -0.0408392, 0.575913, 0.817286, -0.0181308, 0.0438178, -0.00871805, 0.999001, 0.00576615, 0.00232697, -0.137934)

[node name="Physical Bone LowerArm_L" parent="Comedian/jerry_animated/ManCasual3Armature/Skeleton3D" index="7"]
transform = Transform3D(-0.0528073, -0.0207582, -0.998407, -0.00164967, 0.999923, -0.0207005, 0.998623, 0.00055438, -0.0528276, 0.511417, 1.49346, -0.0423152)
joint_offset = Transform3D(1, 0, 0, 0, 1, 0, 0, 0, 1, 0.180371, 0.232804, 0.34034)
body_offset = Transform3D(0.998262, -0.058895, -0.00672131, 0.0588866, 0.998404, -0.000427282, 0.0067373, 2.78634e-05, 0.999995, -0.164059, -0.242908, -0.34156)

[node name="Physical Bone Hand_L" parent="Comedian/jerry_animated/ManCasual3Armature/Skeleton3D" index="8"]
transform = Transform3D(-0.0019962, 0.270111, -0.963108, -0.990011, -0.139982, -0.0372016, -0.144815, 0.95294, 0.267553, 0.648805, 1.49754, -0.0509685)
joint_offset = Transform3D(1, 0, 0, 0, 1, 0, 0, 0, 1, -0.420454, -0.0168317, 0.510863)
body_offset = Transform3D(-0.185941, 0.932064, 0.311985, -0.983018, -0.180879, -0.0453668, 0.0141383, -0.314943, 0.949291, -0.221873, -0.393182, -0.484314)

[node name="Physical Bone FingerLittle_L" parent="Comedian/jerry_animated/ManCasual3Armature/Skeleton3D" index="9"]
transform = Transform3D(0.0274762, 0.0647543, -0.997533, -0.999591, 0.0065712, -0.0271088, 0.00479677, 0.998241, 0.0648867, 0.707628, 1.49932, -0.0650385)
joint_offset = Transform3D(1, 0, 0, 0, 1, 0, 0, 0, 1, -0.508585, 0.136229, 0.553256)
body_offset = Transform3D(0.000331445, 0.116221, -0.993237, -0.998532, -0.0534225, -0.00658038, -0.0538059, 0.992149, 0.115994, 0.53385, -0.49692, -0.226699)

[node name="Physical Bone FingerLittle01_L" parent="Comedian/jerry_animated/ManCasual3Armature/Skeleton3D" index="10"]
transform = Transform3D(0.0218723, 0.236495, -0.971386, -0.00700839, 0.971634, 0.236396, 1.00009, 0.00163691, 0.0229018, 0.728372, 1.4972, -0.0659912)
joint_offset = Transform3D(1, 0, 0, 0, 1, 0, 0, 0, 1, 0.152761, 0.366828, 0.688097)
body_offset = Transform3D(0.998248, 0.00616596, 0.0646278, -0.00614181, 0.999984, -0.000605484, -0.0646528, 0.000207241, 0.997909, -0.199225, -0.365467, -0.676858)

[node name="Physical Bone FingerRing_L" parent="Comedian/jerry_animated/ManCasual3Armature/Skeleton3D" index="11"]
transform = Transform3D(-0.00269255, 0.0585313, -0.998706, -1.00066, 0.00772667, 0.00314733, 0.00789497, 0.999012, 0.0584917, 0.714607, 1.50129, -0.0478735)
joint_offset = Transform3D(1, 0, 0, 0, 1, 0, 0, 0, 1, -0.496108, 0.139648, 0.576746)
body_offset = Transform3D(0.000571387, 0.112733, -0.994054, -0.999778, -0.0425921, -0.00540304, -0.0429294, 0.993473, 0.11257, 0.557857, -0.486934, -0.224958)

[node name="Physical Bone FingerRing01_L" parent="Comedian/jerry_animated/ManCasual3Armature/Skeleton3D" index="12"]
transform = Transform3D(-0.00541884, 0.422592, -0.906304, 0.000236669, 0.906315, 0.422597, 0.999902, 0.0020754, -0.00501012, 0.736416, 1.49544, -0.0484345)
joint_offset = Transform3D(1, 0, 0, 0, 1, 0, 0, 0, 1, 0.17213, 0.228952, 0.754714)
body_offset = Transform3D(0.998975, -0.0294661, 0.0318592, 0.0294577, 0.999563, 0.000647045, -0.0318603, 0.00029109, 0.999492, -0.189252, -0.234411, -0.748913)

[node name="Physical Bone FingerMiddle_L" parent="Comedian/jerry_animated/ManCasual3Armature/Skeleton3D" index="13"]
transform = Transform3D(-0.120756, 0.0217733, -0.992443, -0.992661, 0.00373071, 0.120865, 0.006332, 0.999756, 0.0211628, 0.717825, 1.49885, -0.0317101)
joint_offset = Transform3D(1, 0, 0, 0, 1, 0, 0, 0, 1, -0.427466, 0.158404, 0.630172)
body_offset = Transform3D(0.000616765, 0.072697, -0.997354, -0.999998, -0.00164196, -0.000737591, -0.0016933, 0.997353, 0.0726957, 0.617253, -0.42674, -0.204519)

[node name="Physical Bone FingerMiddle01_L" parent="Comedian/jerry_animated/ManCasual3Armature/Skeleton3D" index="14"]
transform = Transform3D(-0.00681465, 0.463309, -0.886171, 0.0010162, 0.886195, 0.463312, 0.999982, 0.00225652, -0.0065113, 0.740622, 1.49271, -0.031956)
joint_offset = Transform3D(1, 0, 0, 0, 1, 0, 0, 0, 1, 0.173567, 0.202259, 0.769758)
body_offset = Transform3D(0.999058, -0.0325254, 0.0289324, 0.0325202, 0.999472, 0.00064311, -0.0289396, 0.000298089, 0.999581, -0.189096, -0.208292, -0.764473)

[node name="Physical Bone FingerIndex_L" parent="Comedian/jerry_animated/ManCasual3Armature/Skeleton3D" index="15"]
transform = Transform3D(-0.00571339, -0.02317, -0.999895, -0.999957, 0.00739814, 0.00554374, 0.00726651, 0.999804, -0.0232135, 0.714802, 1.49842, -0.0147869)
joint_offset = Transform3D(1, 0, 0, 0, 1, 0, 0, 0, 1, -0.498173, 0.18531, 0.56457)
body_offset = Transform3D(0.000527226, 0.03053, -0.999713, -0.999266, 0.0383154, 0.000642637, 0.0383131, 0.998899, 0.0305299, 0.559013, -0.50527, -0.183256)

[node name="Physical Bone FingerIndex01_L" parent="Comedian/jerry_animated/ManCasual3Armature/Skeleton3D" index="16"]
transform = Transform3D(-0.00699781, 0.372414, -0.928157, 0.000519992, 0.928223, 0.372262, 0.999982, 0.00212352, -0.00668688, 0.731754, 1.49563, -0.0144919)
joint_offset = Transform3D(1, 0, 0, 0, 1, 0, 0, 0, 1, 0.173227, 0.271288, 0.735483)
body_offset = Transform3D(0.999091, -0.0289277, 0.0315347, 0.0289117, 0.999729, 0.000703014, -0.0315386, 7.95286e-05, 0.999552, -0.188415, -0.27674, -0.729712)

[node name="Physical Bone FingerThumb_L" parent="Comedian/jerry_animated/ManCasual3Armature/Skeleton3D" index="17"]
transform = Transform3D(-0.0696986, -0.463024, -0.883849, -0.997146, 0.00627246, 0.0753647, -0.0293392, 0.886778, -0.461829, 0.674912, 1.48459, 0.00222556)
joint_offset = Transform3D(1, 0, 0, 0, 1, 0, 0, 0, 1, -0.443591, 0.385408, 0.414207)
body_offset = Transform3D(-0.000657946, -0.447605, -0.894469, -0.895315, 0.398801, -0.198727, 0.445456, 0.800883, -0.400733, 0.542714, -0.468541, 0.0549195)

[node name="Physical Bone FingerThumb01_L" parent="Comedian/jerry_animated/ManCasual3Armature/Skeleton3D" index="18"]
transform = Transform3D(-0.29277, 0.084133, -0.952478, -0.0693669, 0.991632, 0.108913, 0.953667, 0.0979551, -0.284484, 0.694743, 1.48262, 0.0105439)
joint_offset = Transform3D(1, 0, 0, 0, 1, 0, 0, 0, 1, 0.280019, 0.466549, 0.513859)
body_offset = Transform3D(0.922912, -0.201977, -0.327793, 0.188896, 0.979386, -0.0716231, 0.335499, 0.00418307, 0.942035, 0.0042392, -0.473022, -0.579971)

[node name="Physical Bone Neck" parent="Comedian/jerry_animated/ManCasual3Armature/Skeleton3D" index="19"]
transform = Transform3D(1, 2.38033e-07, -2.24041e-10, 5.73301e-08, -0.241719, -0.970346, -2.31114e-07, 0.970346, -0.241719, -3.89334e-11, 1.61097, -0.0282241)
joint_offset = Transform3D(1, 0, 0, 0, 1, 0, 0, 0, 1, -1.3446e-11, 0.000190799, 0.0480907)
body_offset = Transform3D(1, -8.50804e-11, 1.07327e-11, 1.06581e-13, -5.96046e-08, -1, 4.26326e-14, 1, -1.04308e-07, 1.29461e-11, 0.0480907, -0.000190794)

[node name="Physical Bone Head" parent="Comedian/jerry_animated/ManCasual3Armature/Skeleton3D" index="20"]
transform = Transform3D(-0.989376, -0.109643, -0.0978005, -0.00788331, 0.704379, -0.709782, 0.146698, -0.701309, -0.697621, 0.00723508, 1.71017, 0.035212)
joint_offset = Transform3D(1, 0, 0, 0, 1, 0, 0, 0, 1, 2.31434e-07, -4.84288e-08, 0.0739757)
body_offset = Transform3D(-0.989376, -0.109643, -0.0978003, -3.72529e-09, 0.665731, -0.746195, 0.146909, -0.738096, -0.658528, 0.00723507, 0.0552003, 0.048715)

[node name="Physical Bone Shoulder_R" parent="Comedian/jerry_animated/ManCasual3Armature/Skeleton3D" index="21"]
transform = Transform3D(-2.20698e-07, -0.434069, 0.90088, -8.02857e-07, 0.90088, 0.434069, -1, -5.96047e-07, -5.47027e-07, -0.0731001, 1.52904, -0.0396634)
joint_offset = Transform3D(1, 0, 0, 0, 1, 0, 0, 0, 1, 4.07548e-09, -1.62782e-06, 0.0811422)
body_offset = Transform3D(1, 5.68434e-14, -4.31578e-09, -4.13974e-09, -2.38419e-07, -1, 9.26548e-12, 1, -5.06639e-07, -3.72529e-09, 0.0811422, 1.66893e-06)

[node name="Physical Bone UpperArm_R" parent="Comedian/jerry_animated/ManCasual3Armature/Skeleton3D" index="22"]
transform = Transform3D(0.0266504, -0.00804978, 0.999612, 0.00356538, 0.999963, 0.00795945, -0.999588, 0.00335167, 0.0266834, -0.284218, 1.49294, -0.0433488)
joint_offset = Transform3D(1, 0, 0, 0, 1, 0, 0, 0, 1, -1.97254e-06, -0.000219432, 0.13807)
body_offset = Transform3D(-0.825201, -0.563751, 0.0340684, -0.564025, 0.825738, 0.000857033, -0.0286094, -0.018511, -0.999419, -0.00482917, 6.17504e-05, 0.137986)

[node name="Physical Bone LowerArm_R" parent="Comedian/jerry_animated/ManCasual3Armature/Skeleton3D" index="23"]
transform = Transform3D(-0.052806, 0.0207566, 0.998388, 0.00164811, 0.999782, -0.0206981, -0.998593, 0.00055339, -0.0528296, -0.511413, 1.49311, -0.0423117)
joint_offset = Transform3D(1, 0, 0, 0, 1, 0, 0, 0, 1, -0.177519, 0.235683, 0.345753)
body_offset = Transform3D(-0.852286, -0.118027, -0.509571, -0.140305, 0.990091, 0.0053451, 0.503887, 0.0760509, -0.860411, 0.0527061, -0.260103, 0.369015)

[node name="Physical Bone Hand_R" parent="Comedian/jerry_animated/ManCasual3Armature/Skeleton3D" index="24"]
transform = Transform3D(-0.00199574, -0.270054, 0.962846, 0.989818, -0.139956, -0.0372123, 0.144786, 0.952631, 0.26748, -0.648728, 1.49728, -0.0509679)
joint_offset = Transform3D(1, 0, 0, 0, 1, 0, 0, 0, 1, 0.4233, -0.00809488, 0.52073)
body_offset = Transform3D(-0.0820648, 0.97408, -0.210879, 0.995985, 0.0894929, 0.0263196, 0.0445655, -0.207801, -0.977159, 0.152434, -0.434581, 0.488289)

[node name="Physical Bone FingerLittle_R" parent="Comedian/jerry_animated/ManCasual3Armature/Skeleton3D" index="25"]
transform = Transform3D(0.0274736, -0.0647273, 0.997508, 0.99961, 0.00656914, -0.0271017, -0.0047968, 0.997878, 0.0648837, -0.707641, 1.49943, -0.0650386)
joint_offset = Transform3D(1, 0, 0, 0, 1, 0, 0, 0, 1, 0.502757, 0.214551, 0.549909)
body_offset = Transform3D(0.0649964, -0.395354, -0.916211, 0.968193, 0.247298, -0.0380231, 0.241614, -0.884609, 0.398846, 0.555979, -0.518915, -0.151009)

[node name="Physical Bone FingerLittle01_R" parent="Comedian/jerry_animated/ManCasual3Armature/Skeleton3D" index="26"]
transform = Transform3D(0.0218619, -0.236612, 0.971407, 0.00702109, 0.971806, 0.236387, -0.999737, 0.00165375, 0.0229001, -0.728375, 1.49721, -0.0659768)
joint_offset = Transform3D(1, 0, 0, 0, 1, 0, 0, 0, 1, -0.2374, 0.363662, 0.679265)
body_offset = Transform3D(-0.873275, -0.0630373, -0.48314, -0.305995, 0.842764, 0.443103, 0.379156, 0.53495, -0.755162, 0.143789, -0.680109, 0.408426)

[node name="Physical Bone FingerRing_R" parent="Comedian/jerry_animated/ManCasual3Armature/Skeleton3D" index="27"]
transform = Transform3D(-0.00268761, -0.0584896, 0.998268, 0.999786, 0.00772405, 0.00314331, -0.0078941, 0.998258, 0.0584645, -0.714637, 1.50032, -0.0478622)
joint_offset = Transform3D(1, 0, 0, 0, 1, 0, 0, 0, 1, 0.494988, 0.186566, 0.57539)
body_offset = Transform3D(0.122202, -0.392244, -0.911689, 0.966601, 0.254853, 0.0199578, 0.224482, -0.883852, 0.410354, 0.537268, -0.537487, -0.182333)

[node name="Physical Bone FingerRing01_R" parent="Comedian/jerry_animated/ManCasual3Armature/Skeleton3D" index="28"]
transform = Transform3D(-0.00542259, -0.422584, 0.906306, -0.000225883, 0.906321, 0.422592, -0.999996, 0.00208771, -0.00500979, -0.736417, 1.49544, -0.0484378)
joint_offset = Transform3D(1, 0, 0, 0, 1, 0, 0, 0, 1, -0.225118, 0.228302, 0.749457)
body_offset = Transform3D(-0.868155, 0.0577809, -0.492934, -0.367183, 0.593458, 0.716234, 0.333923, 0.802788, -0.493989, 0.160804, -0.754934, 0.262118)

[node name="Physical Bone FingerMiddle_R" parent="Comedian/jerry_animated/ManCasual3Armature/Skeleton3D" index="29"]
transform = Transform3D(-0.120763, -0.0217748, 0.992462, 0.992662, 0.00373207, 0.120875, -0.00633554, 0.999876, 0.0211629, -0.717824, 1.49885, -0.0317086)
joint_offset = Transform3D(1, 0, 0, 0, 1, 0, 0, 0, 1, 0.427553, 0.175309, 0.633033)
body_offset = Transform3D(0.338363, -0.400718, -0.851471, 0.93187, 0.268553, 0.243966, 0.130886, -0.876096, 0.464238, 0.464591, -0.599942, -0.196251)

[node name="Physical Bone FingerMiddle01_R" parent="Comedian/jerry_animated/ManCasual3Armature/Skeleton3D" index="30"]
transform = Transform3D(-0.00681864, -0.463305, 0.886181, -0.00101143, 0.8862, 0.463323, -1, 0.00226494, -0.00651342, -0.740619, 1.49272, -0.0319501)
joint_offset = Transform3D(1, 0, 0, 0, 1, 0, 0, 0, 1, -0.198612, 0.197358, 0.777813)
body_offset = Transform3D(-0.868013, 0.0808595, -0.489959, -0.38183, 0.522162, 0.762618, 0.317502, 0.849009, -0.422353, 0.19274, -0.772063, 0.224013)

[node name="Physical Bone FingerIndex_R" parent="Comedian/jerry_animated/ManCasual3Armature/Skeleton3D" index="31"]
transform = Transform3D(-0.00571837, 0.0231714, 0.999715, 0.999997, 0.00739603, 0.00554678, -0.00726774, 0.999704, -0.0232109, -0.714802, 1.49843, -0.014779)
joint_offset = Transform3D(1, 0, 0, 0, 1, 0, 0, 0, 1, 0.501156, 0.173126, 0.57837)
body_offset = Transform3D(0.127688, -0.465323, -0.875884, 0.98151, 0.186488, 0.0439991, 0.142875, -0.865272, 0.480511, 0.523153, -0.549623, -0.199715)

[node name="Physical Bone FingerIndex01_R" parent="Comedian/jerry_animated/ManCasual3Armature/Skeleton3D" index="32"]
transform = Transform3D(-0.00698857, -0.372211, 0.928126, -0.000541564, 0.928145, 0.372218, -1, 0.00210015, -0.00668682, -0.731755, 1.49563, -0.0144973)
joint_offset = Transform3D(1, 0, 0, 0, 1, 0, 0, 0, 1, -0.163788, 0.268453, 0.749841)
body_offset = Transform3D(-0.867824, 0.0321679, -0.495869, -0.347776, 0.673468, 0.652307, 0.354942, 0.738516, -0.573252, 0.221048, -0.726883, 0.289726)

[node name="Physical Bone FingerThumb_R" parent="Comedian/jerry_animated/ManCasual3Armature/Skeleton3D" index="33"]
transform = Transform3D(-0.0696871, 0.462654, 0.883798, 0.997137, 0.00624871, 0.0753522, 0.0293382, 0.886517, -0.461763, -0.674913, 1.48459, 0.00223468)
joint_offset = Transform3D(1, 0, 0, 0, 1, 0, 0, 0, 1, 0.443888, 0.372323, 0.468404)
body_offset = Transform3D(0.233851, -0.810573, -0.536924, 0.902337, -0.0247214, 0.430323, -0.362081, -0.585115, 0.725628, 0.449488, -0.592897, 0.0386883)

[node name="Physical Bone FingerThumb01_R" parent="Comedian/jerry_animated/ManCasual3Armature/Skeleton3D" index="34"]
transform = Transform3D(-0.292768, -0.0841548, 0.952472, 0.0693405, 0.991623, 0.108927, -0.953667, 0.0979366, -0.28448, -0.694738, 1.48264, 0.0105434)
joint_offset = Transform3D(1, 0, 0, 0, 1, 0, 0, 0, 1, -0.244075, 0.462593, 0.577428)
body_offset = Transform3D(-0.659841, 0.26591, -0.70278, 0.00323589, 0.936282, 0.351221, 0.751399, 0.229475, -0.61866, 0.121746, -0.635133, 0.434476)

[node name="Physical Bone UpperLeg_L" parent="Comedian/jerry_animated/ManCasual3Armature/Skeleton3D" index="35"]
transform = Transform3D(0.000144525, -0.999822, 0.0330836, -0.0202558, 0.0330886, 0.999133, -0.999854, -0.000815078, -0.0202351, 0.0770992, 0.727224, -0.00861342)
joint_offset = Transform3D(1, 0, 0, 0, 1, 0, 0, 0, 1, -9.6676e-06, 1.37676e-07, 0.206693)
body_offset = Transform3D(1.00006, 4.20841e-08, -1.40071e-06, -3.72529e-08, 1.12814e-06, -0.999885, -3.0559e-08, 1.00038, -2.06752e-07, 9.9577e-06, 0.206669, -9.49949e-08)

[node name="Physical Bone LowerLeg_L" parent="Comedian/jerry_animated/ManCasual3Armature/Skeleton3D" index="36"]
transform = Transform3D(0.999475, 0.00168033, 0.0329428, -0.0329832, 0.0465046, 0.998394, 0.000145916, -0.998916, 0.0465361, 0.0637013, 0.321888, -0.0136867)
joint_offset = Transform3D(1, 0, 0, 0, 1, 0, 0, 0, 1, -5.99962e-07, 1.8622e-06, 0.19915)
body_offset = Transform3D(1.00003, 6.55127e-08, 2.15223e-06, 8.48104e-09, -7.45058e-09, -1.00002, -2.01253e-08, 1, -5.21541e-07, 1.71363e-07, 0.199154, -1.75834e-06)

[node name="Physical Bone Foot_L" parent="Comedian/jerry_animated/ManCasual3Armature/Skeleton3D" index="37"]
transform = Transform3D(-0.999804, 0.00145767, 0.00340925, 0.00370544, 0.394458, 0.918907, -4.45256e-06, 0.918913, -0.394458, 0.0569668, 0.0790672, -0.00407056)
joint_offset = Transform3D(1, 0, 0, 0, 1, 0, 0, 0, 1, -1.11089e-05, 8.2685e-07, 0.0478784)
body_offset = Transform3D(0.999822, -4.45971e-09, -1.36135e-06, 1.91917e-08, 0, -0.999999, 6.21284e-07, 1, 2.02656e-06, 1.11721e-05, 0.0478783, -9.23872e-07)

[node name="Physical Bone UpperLeg_R" parent="Comedian/jerry_animated/ManCasual3Armature/Skeleton3D" index="38"]
transform = Transform3D(0.00013183, 0.999454, -0.0330572, 0.0202866, 0.0330455, 0.999037, 0.999794, -0.000803162, -0.0202669, -0.0771062, 0.727235, -0.00859697)
joint_offset = Transform3D(1, 0, 0, 0, 1, 0, 0, 0, 1, -1.85633e-08, 2.01128e-06, 0.206702)
body_offset = Transform3D(1, 1.74623e-09, 3.241e-07, 2.86847e-07, -1.88031e-07, -0.999789, -8.57399e-07, 1, -9.33386e-06, -4.84288e-08, 0.206658, -8.19564e-08)

[node name="Physical Bone LowerLeg_R" parent="Comedian/jerry_animated/ManCasual3Armature/Skeleton3D" index="39"]
transform = Transform3D(0.999458, -0.00166456, -0.0329092, 0.0329563, 0.0464735, 0.998436, -0.000131514, -0.998959, 0.0465067, -0.0637191, 0.32187, -0.0136684)
joint_offset = Transform3D(1, 0, 0, 0, 1, 0, 0, 0, 1, -1.32058e-06, 1.26946e-06, 0.19916)
body_offset = Transform3D(1, 1.88957e-07, 1.98257e-06, -5.29873e-06, -8.19564e-08, -1.00006, -8.8368e-07, 1.00004, -2.74554e-06, 9.25735e-07, 0.199172, -7.22706e-07)

[node name="Physical Bone Foot_R" parent="Comedian/jerry_animated/ManCasual3Armature/Skeleton3D" index="40"]
transform = Transform3D(-0.999994, -0.00146668, -0.00336948, -0.00367381, 0.394485, 0.918894, -1.87189e-05, 0.918902, -0.394491, -0.0569947, 0.0790689, -0.00404748)
joint_offset = Transform3D(1, 0, 0, 0, 1, 0, 0, 0, 1, 1.07464e-05, 4.7939e-06, 0.047874)
body_offset = Transform3D(1, 3.37637e-07, -5.53518e-08, -1.10153e-06, 3.12924e-06, -1, -1.2963e-07, 1, 8.9407e-08, -1.07437e-05, 0.047874, -4.79817e-06)

[editable path="Comedian/jerry_animated"]
