
[gd_scene load_steps=8 format=3 uid="uid://nji7udnyfblo"]

[ext_resource type="Script" path="res://scripts/stage.gd" id="1_8q0qf"]
[ext_resource type="Script" path="res://scripts/comedian.gd" id="1_n1s5x"]
[ext_resource type="PackedScene" uid="uid://58km2s5urj3l" path="res://jerry.tscn" id="3_iyfeo"]

[sub_resource type="BoxShape3D" id="BoxShape3D_ui3wm"]
size = Vector3(6, 1, 3)

[sub_resource type="BoxShape3D" id="BoxShape3D_1wk48"]
size = Vector3(5.91791, 3, 1)

[sub_resource type="BoxShape3D" id="BoxShape3D_lu5u5"]
size = Vector3(1, 3, 2.97937)

[node name="Stage" type="Node3D"]
script = ExtResource("1_8q0qf")
player_path = NodePath("Comedian")
throw_point1_path = NodePath("")
throw_point2_path = NodePath("")

[node name="Platform" type="StaticBody3D" parent="." groups=["stage"]]

[node name="CSGBox3D" type="CSGBox3D" parent="Platform"]
size = Vector3(6, 1, 3)

[node name="CollisionShape3D" type="CollisionShape3D" parent="Platform"]
shape = SubResource("BoxShape3D_ui3wm")

[node name="Walls" type="Node3D" parent="Platform"]

[node name="FrontTrigger" type="Area3D" parent="Platform/Walls"]
transform = Transform3D(1, 0, 0, 0, 1, 0, 0, 0, 1, 0, 0, 1.9919)

[node name="CollisionShape3D" type="CollisionShape3D" parent="Platform/Walls/FrontTrigger"]
transform = Transform3D(1, 0, 0, 0, 1, 0, 0, 0, 1, 0.0246758, 1.92539, -0.0595913)
shape = SubResource("BoxShape3D_1wk48")

[node name="StaticBody3D" type="StaticBody3D" parent="Platform/Walls" groups=["stage"]]

[node name="CollisionShape3D" type="CollisionShape3D" parent="Platform/Walls/StaticBody3D"]
transform = Transform3D(1, 0, 0, 0, 1, 0, 0, 0, 1, 3.48088, 1.98283, -0.00592041)
shape = SubResource("BoxShape3D_lu5u5")

[node name="CollisionShape3D3" type="CollisionShape3D" parent="Platform/Walls/StaticBody3D"]
transform = Transform3D(1, 0, 0, 0, 1, 0, 0, 0, 1, -3.48958, 1.98283, -0.00592041)
shape = SubResource("BoxShape3D_lu5u5")

[node name="CollisionShape3D4" type="CollisionShape3D" parent="Platform/Walls/StaticBody3D"]
transform = Transform3D(1, 0, 0, 0, 1, 0, 0, 0, 1, 0.0246758, 1.92539, -2.05959)
shape = SubResource("BoxShape3D_1wk48")

[node name="Comedian" type="CharacterBody3D" parent="." node_paths=PackedStringArray("ragdoll_skeleton")]
transform = Transform3D(1, 0, 0, 0, 1, 0, 0, 0, 1, 0, 1.59527, 0)
axis_lock_linear_y = true
script = ExtResource("1_n1s5x")
moveSpeed = 25.0
rotationSpeed = 500.0
fall_trigger_path = NodePath("../Platform/Walls/FrontTrigger")
ragdoll_skeleton = NodePath("jerry/ManCasual3Armature/Skeleton3D")

[node name="CollisionShape3D" type="CollisionShape3D" parent="Comedian"]
shape = SubResource("CapsuleShape3D_jhgu1")
disabled = true

[node name="jerry" parent="Comedian" instance=ExtResource("3_iyfeo")]
transform = Transform3D(1, 0, 0, 0, 1, 0, 0, 0, 1, 0, -1.2294, -0.0741429)

[node name="Physical Bone Hips" parent="Comedian/jerry/ManCasual3Armature/Skeleton3D" index="1"]
transform = Transform3D(1, -3.72324e-12, -9.25926e-14, 2.62901e-13, -0.118394, -0.992967, -2.75691e-12, 0.992967, -0.118394, 2.83122e-07, 1.03006, 0.00624958)
joint_offset = Transform3D(1, 0, 0, 0, 1, 0, 0, 0, 1, -2.83052e-07, -4.83007e-07, 0.0527864)
body_offset = Transform3D(1, -2.38419e-07, -1.32336e-09, 6.32656e-15, 0.00555053, -0.999985, 2.38416e-07, 0.999985, 0.00555053, 2.83122e-07, 0.0527856, -0.00029251)

[node name="Physical Bone Spine" parent="Comedian/jerry/ManCasual3Armature/Skeleton3D" index="2"]
transform = Transform3D(1, 2.38419e-07, -2.06058e-13, 1.04584e-08, -0.0438475, -0.999038, -2.38278e-07, 0.999038, -0.043848, -0.000357009, 1.18059, 0.0168065)
joint_offset = Transform3D(1, 0, 0, 0, 1, 0, 0, 0, 1, 0.000357009, 7.71485e-07, 0.0981772)
body_offset = Transform3D(1, 1.56319e-13, -3.28626e-14, 5.0715e-13, 5.21541e-08, -1, -8.84626e-11, 1, -4.20958e-07, -0.000357009, 0.0981772, -7.30157e-07)

[node name="Physical Bone Chest" parent="Comedian/jerry/ManCasual3Armature/Skeleton3D" index="3"]
transform = Transform3D(1, 2.38474e-07, 6.03003e-11, -1.77495e-08, 0.0746812, -0.997207, -2.37813e-07, 0.997208, 0.0746822, 0.00035695, 1.35231, 0.0156043)
joint_offset = Transform3D(1, 0, 0, 0, 1, 0, 0, 0, 1, -0.00035695, -1.19322e-06, 0.0737958)
body_offset = Transform3D(1, 0, -1.74083e-13, -2.30926e-14, -1.56462e-07, -1, -5.68434e-14, 1, 9.23872e-07, 0.00035695, 0.0737958, 1.12504e-06)

[node name="Physical Bone UpperChest" parent="Comedian/jerry/ManCasual3Armature/Skeleton3D" index="4"]
transform = Transform3D(1, 2.37703e-07, 1.01906e-08, -7.07334e-08, 0.338285, -0.941046, -2.27974e-07, 0.941045, 0.338286, -0.000358284, 1.49505, -0.0147822)
joint_offset = Transform3D(1, 0, 0, 0, 1, 0, 0, 0, 1, 0.000358283, -1.00847e-06, 0.0735471)
body_offset = Transform3D(1, -7.58988e-10, 1.013e-08, 1.04964e-08, 3.27826e-07, -1, 1.13687e-13, 1, 7.45058e-07, -0.000358284, 0.0735474, 9.53674e-07)

[node name="Physical Bone Shoulder_L" parent="Comedian/jerry/ManCasual3Armature/Skeleton3D" index="5"]
transform = Transform3D(-5.95761e-07, 0.434067, -0.900881, -1.31818e-06, 0.90088, 0.434067, 1, 1.46031e-06, 1.53008e-08, 0.0731006, 1.52904, -0.0396634)
joint_offset = Transform3D(1, 0, 0, 0, 1, 0, 0, 0, 1, -7.67895e-09, 5.66313e-07, 0.0811437)
body_offset = Transform3D(1, 8.94064e-08, -8.90059e-08, 2.87884e-08, -8.64267e-07, -1, -2.68484e-08, 1, -1.10269e-06, 1.49012e-08, 0.0811437, -4.76837e-07)

[node name="Physical Bone UpperArm_L" parent="Comedian/jerry/ManCasual3Armature/Skeleton3D" index="6"]
transform = Transform3D(0.026653, 0.00805081, -0.999612, -0.00356552, 0.999961, 0.007979, 0.999588, 0.00335221, 0.0266777, 0.284219, 1.49244, -0.0433447)
joint_offset = Transform3D(1, 0, 0, 0, 1, 0, 0, 0, 1, -3.16869e-06, 0.000270346, 0.138075)
body_offset = Transform3D(0.999949, -1.70898e-07, -6.9458e-06, -2.3935e-06, 4.00178e-07, -1, 1.93249e-07, 1, 2.08674e-05, 4.12762e-06, 0.138075, -0.000273228)

[node name="Physical Bone LowerArm_L" parent="Comedian/jerry/ManCasual3Armature/Skeleton3D" index="7"]
transform = Transform3D(-0.0528068, -0.0207584, -0.998409, -0.00164984, 0.999924, -0.0206989, 0.998625, 0.000563036, -0.0528283, 0.511431, 1.49346, -0.0423129)
joint_offset = Transform3D(1, 0, 0, 0, 1, 0, 0, 0, 1, -1.31248e-06, 4.06656e-06, 0.089318)
body_offset = Transform3D(1.00002, 8.75612e-06, 1.18092e-06, -7.45058e-09, 1.54393e-06, -1.00002, -2.75322e-08, 1.00014, -1.5691e-07, 1.20699e-06, 0.0893198, -4.05312e-06)

[node name="Physical Bone Hand_L" parent="Comedian/jerry/ManCasual3Armature/Skeleton3D" index="8"]
transform = Transform3D(-0.00199621, 0.270993, -0.966143, -0.996342, -0.140912, -0.0373889, -0.145507, 0.958363, 0.268585, 0.648866, 1.50017, -0.0509672)
joint_offset = Transform3D(1, 0, 0, 0, 1, 0, 0, 0, 1, 0.00294091, 0.000361401, 0.0500823)
body_offset = Transform3D(-0.147284, 0.970342, 0.220343, 9.89996e-07, 0.222454, -0.978442, -0.996083, -0.143886, -0.0326817, -0.0109528, 0.0489222, 0.00461817)

[node name="Physical Bone FingerLittle_L" parent="Comedian/jerry/ManCasual3Armature/Skeleton3D" index="9"]
transform = Transform3D(0.0274777, 0.0648138, -0.997536, -0.999621, 0.00657893, -0.027109, 0.0047961, 0.99903, 0.0648861, 0.707591, 1.49935, -0.0650374)
joint_offset = Transform3D(1, 0, 0, 0, 1, 0, 0, 0, 1, 2.18945e-05, 6.82871e-07, 0.0107955)
body_offset = Transform3D(1.00001, -3.89339e-06, 3.68422e-06, 3.7904e-06, 1.02744e-05, -1.00001, -1.47149e-07, 1.00115, 8.56817e-07, -2.19345e-05, 0.0107956, -6.92904e-07)

[node name="Physical Bone FingerLittle01_L" parent="Comedian/jerry/ManCasual3Armature/Skeleton3D" index="10"]
transform = Transform3D(0.0218649, 0.236494, -0.971386, -0.00700546, 0.971631, 0.236396, 0.999736, 0.00163622, 0.0229014, 0.728368, 1.49719, -0.0659934)
joint_offset = Transform3D(1, 0, 0, 0, 1, 0, 0, 0, 1, 1.7256e-05, 1.315e-05, 0.0102305)
body_offset = Transform3D(1, -7.67177e-08, -4.47035e-08, 6.14673e-08, -3.57146e-06, -1, 9.5577e-08, 1, -3.60999e-06, -1.72555e-05, 0.0102305, -1.3113e-05)

[node name="Physical Bone FingerRing_L" parent="Comedian/jerry/ManCasual3Armature/Skeleton3D" index="11"]
transform = Transform3D(-0.00270873, 0.0586753, -1.0005, -1.00521, 0.00778639, 0.00315054, 0.0079109, 1.00185, 0.058606, 0.714602, 1.50067, -0.0478716)
joint_offset = Transform3D(1, 0, 0, 0, 1, 0, 0, 0, 1, -3.10416e-06, -6.48963e-07, 0.0106219)
body_offset = Transform3D(1.00524, -4.06634e-05, 1.97423e-06, -4.75682e-06, -2.60063e-05, -1.00222, -1.93585e-05, 1.0036, 8.00192e-06, 3.09944e-06, 0.0106455, 5.66244e-07)

[node name="Physical Bone FingerRing01_L" parent="Comedian/jerry/ManCasual3Armature/Skeleton3D" index="12"]
transform = Transform3D(-0.0054083, 0.422586, -0.906299, 0.000238576, 0.906289, 0.422592, 0.997969, 0.0020759, -0.00500241, 0.736423, 1.49546, -0.048434)
joint_offset = Transform3D(1, 0, 0, 0, 1, 0, 0, 0, 1, -1.76595e-06, -1.30509e-05, 0.0122946)
body_offset = Transform3D(0.997984, 3.40166e-07, 7.60239e-06, -2.35206e-06, 3.18853e-06, -0.999993, 2.1453e-06, 0.999972, -5.07847e-06, 1.66893e-06, 0.0122945, 1.3113e-05)

[node name="Physical Bone FingerMiddle_L" parent="Comedian/jerry/ManCasual3Armature/Skeleton3D" index="13"]
transform = Transform3D(-0.120757, 0.0217727, -0.992444, -0.99267, 0.00373045, 0.120865, 0.00633399, 0.999756, 0.0211624, 0.717825, 1.49883, -0.031708)
joint_offset = Transform3D(1, 0, 0, 0, 1, 0, 0, 0, 1, -1.50913e-05, -1.8455e-06, 0.0145259)
body_offset = Transform3D(1.00001, 3.11993e-08, 4.89353e-06, 6.04326e-06, -2.79397e-08, -1, 7.54371e-08, 1, -1.546e-07, 1.50204e-05, 0.0145259, 1.84774e-06)

[node name="Physical Bone FingerMiddle01_L" parent="Comedian/jerry/ManCasual3Armature/Skeleton3D" index="14"]
transform = Transform3D(-0.00681523, 0.463308, -0.886171, 0.00101606, 0.886194, 0.463313, 0.999976, 0.00225714, -0.00651466, 0.74062, 1.49271, -0.0319562)
joint_offset = Transform3D(1, 0, 0, 0, 1, 0, 0, 0, 1, 5.34615e-07, 2.66614e-06, 0.0094603)
body_offset = Transform3D(1, 4.42378e-08, -4.53228e-06, -1.32713e-07, -4.97503e-06, -1, 1.5134e-08, 1, -4.60207e-06, -4.91738e-07, 0.0094603, -2.6226e-06)

[node name="Physical Bone FingerIndex_L" parent="Comedian/jerry/ManCasual3Armature/Skeleton3D" index="15"]
transform = Transform3D(-0.00571324, -0.0231715, -0.999895, -0.999957, 0.00739816, 0.00554369, 0.0072668, 0.999832, -0.023214, 0.714592, 1.49924, -0.0147821)
joint_offset = Transform3D(1, 0, 0, 0, 1, 0, 0, 0, 1, 0.000815212, -9.42287e-06, 0.00991397)
body_offset = Transform3D(1, 1.12224e-07, -5.89892e-06, -6.37892e-06, 8.13976e-07, -1.00018, 2.42144e-08, 1.00013, 6.57514e-07, -0.000815153, 0.00991577, 9.41753e-06)

[node name="Physical Bone FingerIndex01_L" parent="Comedian/jerry/ManCasual3Armature/Skeleton3D" index="16"]
transform = Transform3D(-0.00699919, 0.372689, -0.928158, 0.000520481, 0.928263, 0.37227, 0.999975, 0.00212782, -0.00668761, 0.731751, 1.49563, -0.014489)
joint_offset = Transform3D(1, 0, 0, 0, 1, 0, 0, 0, 1, -7.34114e-06, 5.10619e-07, 0.00735108)
body_offset = Transform3D(1, 1.87545e-06, -6.97561e-07, -3.22377e-06, 0.000424219, -1.00005, 5.65313e-07, 1.00029, 6.02514e-05, 7.34627e-06, 0.00735147, -9.53674e-07)

[node name="Physical Bone FingerThumb_L" parent="Comedian/jerry/ManCasual3Armature/Skeleton3D" index="17"]
transform = Transform3D(-0.0696974, -0.46267, -0.883833, -0.997147, 0.00625551, 0.0753653, -0.0293369, 0.886566, -0.461801, 0.674911, 1.4846, 0.00222712)
joint_offset = Transform3D(1, 0, 0, 0, 1, 0, 0, 0, 1, 1.55997e-05, 5.57168e-06, 0.0120699)
body_offset = Transform3D(1.00001, 1.88127e-07, -8.5067e-06, -6.92159e-06, 5.03659e-06, -1.00005, -9.31323e-08, 1.00005, -1.71959e-05, -1.54972e-05, 0.0120705, -5.36442e-06)

[node name="Physical Bone FingerThumb01_L" parent="Comedian/jerry/ManCasual3Armature/Skeleton3D" index="18"]
transform = Transform3D(-0.292769, 0.0841325, -0.952474, -0.0693667, 0.991628, 0.108912, 0.953662, 0.0979562, -0.284482, 0.69474, 1.48264, 0.010545)
joint_offset = Transform3D(1, 0, 0, 0, 1, 0, 0, 0, 1, -9.28435e-08, -8.01846e-06, 0.00961421)
body_offset = Transform3D(0.999998, 2.38419e-07, 3.57628e-07, -2.68221e-07, -9.01148e-06, -0.999999, -4.84288e-07, 1, -9.12882e-06, 8.9407e-08, 0.0096142, 8.10623e-06)

[node name="Physical Bone Neck" parent="Comedian/jerry/ManCasual3Armature/Skeleton3D" index="19"]
transform = Transform3D(1, 2.36648e-07, -5.03458e-11, 5.73301e-08, -0.24172, -0.970347, -2.31114e-07, 0.970347, -0.24172, 2.24262e-06, 1.61096, -0.0280289)
joint_offset = Transform3D(1, 0, 0, 0, 1, 0, 0, 0, 1, -2.24263e-06, 5.96046e-08, 0.0481326)
body_offset = Transform3D(1, -1.47021e-09, 1.84404e-10, 1.13687e-13, -1.49012e-08, -1, 1.42109e-14, 1, 0, 2.24262e-06, 0.0481327, -5.96046e-08)

[node name="Physical Bone Head" parent="Comedian/jerry/ManCasual3Armature/Skeleton3D" index="20"]
transform = Transform3D(-0.98915, -0.110008, -0.0978005, -0.00788331, 0.704399, -0.709782, 0.146698, -0.701315, -0.697621, 0.00723403, 1.71017, 0.0352126)
joint_offset = Transform3D(1, 0, 0, 0, 1, 0, 0, 0, 1, -8.99192e-07, 1.08033e-07, 0.0739762)
body_offset = Transform3D(-0.98915, -0.110007, -0.0978003, -3.72529e-09, 0.665751, -0.746195, 0.146909, -0.738103, -0.658528, 0.00723401, 0.0552006, 0.0487156)

[node name="Physical Bone Shoulder_R" parent="Comedian/jerry/ManCasual3Armature/Skeleton3D" index="21"]
transform = Transform3D(-2.20688e-07, -0.434069, 0.90088, -8.02863e-07, 0.90088, 0.434069, -1, -5.96047e-07, -5.44248e-07, -0.0730993, 1.52904, -0.0396634)
joint_offset = Transform3D(1, 0, 0, 0, 1, 0, 0, 0, 1, -5.66578e-09, 5.10692e-07, 0.0811424)
body_offset = Transform3D(1, -2.27374e-13, -2.19958e-08, -4.14616e-09, -2.68221e-07, -1, 3.41061e-13, 1, -4.17232e-07, 7.45058e-09, 0.0811424, -4.76837e-07)

[node name="Physical Bone UpperArm_R" parent="Comedian/jerry/ManCasual3Armature/Skeleton3D" index="22"]
transform = Transform3D(0.0266576, -0.00805008, 0.999613, 0.00356587, 0.999962, 0.00795968, -0.999588, 0.0033529, 0.0266838, -0.28424, 1.49287, -0.0433433)
joint_offset = Transform3D(1, 0, 0, 0, 1, 0, 0, 0, 1, 4.37162e-06, -0.000155529, 0.138092)
body_offset = Transform3D(0.99995, -5.58794e-09, 2.30968e-07, -2.59653e-06, 5.90851e-07, -1, -3.57861e-07, 1, 2.30535e-06, -4.40329e-06, 0.138092, 0.00015521)

[node name="Physical Bone LowerArm_R" parent="Comedian/jerry/ManCasual3Armature/Skeleton3D" index="23"]
transform = Transform3D(-0.0528059, 0.0207564, 0.998389, 0.00164941, 0.999784, -0.020698, -0.998604, 0.000553775, -0.0528301, -0.511414, 1.493, -0.042312)
joint_offset = Transform3D(1, 0, 0, 0, 1, 0, 0, 0, 1, 3.39624e-06, 0.000462516, 0.0892935)
body_offset = Transform3D(1, 2.52621e-08, 1.34856e-06, 4.09782e-08, 2.48272e-07, -1, 9.8953e-10, 1, 1.74279e-07, -3.51667e-06, 0.0892935, -0.000462532)

[node name="Physical Bone Hand_R" parent="Comedian/jerry/ManCasual3Armature/Skeleton3D" index="24"]
transform = Transform3D(-0.00199253, -0.270054, 0.962847, 0.990716, -0.139963, -0.0372533, 0.144785, 0.952629, 0.267484, -0.648668, 1.49731, -0.0509616)
joint_offset = Transform3D(1, 0, 0, 0, 1, 0, 0, 0, 1, -0.000126955, 2.09117e-05, 0.0499582)
body_offset = Transform3D(-0.146552, -0.964571, -0.219407, 1.79e-06, 0.221805, -0.975094, 0.990459, -0.142923, -0.0325621, 0.0109628, 0.0487093, 0.00175548)

[node name="Physical Bone FingerLittle_R" parent="Comedian/jerry/ManCasual3Armature/Skeleton3D" index="25"]
transform = Transform3D(0.0274706, -0.0647284, 0.997508, 0.999463, 0.00656781, -0.0271012, -0.00479362, 0.997876, 0.0648842, -0.707658, 1.49928, -0.0650405)
joint_offset = Transform3D(1, 0, 0, 0, 1, 0, 0, 0, 1, 4.88483e-05, 3.29496e-07, 0.0108607)
body_offset = Transform3D(0.999853, 1.67172e-07, 3.19962e-06, -1.04489e-06, -7.45058e-08, -0.999983, 2.53599e-06, 0.999995, 1.20699e-06, -4.88758e-05, 0.0108605, -3.42727e-07)

[node name="Physical Bone FingerLittle01_R" parent="Comedian/jerry/ManCasual3Armature/Skeleton3D" index="26"]
transform = Transform3D(0.0218625, -0.239262, 0.971405, 0.00702184, 0.976598, 0.236388, -0.999736, 0.00162393, 0.0229006, -0.72837, 1.49721, -0.0659762)
joint_offset = Transform3D(1, 0, 0, 0, 1, 0, 0, 0, 1, -5.54768e-07, -9.73978e-06, 0.0102266)
body_offset = Transform3D(1, 2.33576e-06, 3.37139e-07, -2.2836e-06, 0.00152861, -1.00002, 8.36561e-07, 1.00548, 1.76057e-06, 5.51343e-07, 0.0102268, 9.77516e-06)

[node name="Physical Bone FingerRing_R" parent="Comedian/jerry/ManCasual3Armature/Skeleton3D" index="27"]
transform = Transform3D(-0.00268649, -0.0584899, 0.998267, 0.999118, 0.00772383, 0.00313919, -0.0078895, 0.998258, 0.058465, -0.714641, 1.50032, -0.0478605)
joint_offset = Transform3D(1, 0, 0, 0, 1, 0, 0, 0, 1, 0.000351616, -1.09403e-05, 0.0106857)
body_offset = Transform3D(0.999153, -1.86265e-09, -1.19367e-05, -5.08176e-06, 6.70552e-08, -0.999983, -1.62888e-06, 1, -1.07288e-06, -0.000351191, 0.0106856, 1.09524e-05)

[node name="Physical Bone FingerRing01_R" parent="Comedian/jerry/ManCasual3Armature/Skeleton3D" index="28"]
transform = Transform3D(-0.00542229, -0.422584, 0.906307, -0.000225306, 0.906321, 0.42259, -1, 0.00208878, -0.005014, -0.736418, 1.49544, -0.048434)
joint_offset = Transform3D(1, 0, 0, 0, 1, 0, 0, 0, 1, 1.25352e-06, -4.85943e-07, 0.0122951)
body_offset = Transform3D(1.00002, -1.52038e-06, 4.69806e-06, 2.01166e-07, 4.49697e-07, -1, 3.0268e-09, 1, 7.40604e-07, -1.3113e-06, 0.0122951, 4.76837e-07)

[node name="Physical Bone FingerMiddle_R" parent="Comedian/jerry/ManCasual3Armature/Skeleton3D" index="29"]
transform = Transform3D(-0.120764, -0.0217756, 0.992464, 0.992665, 0.00373123, 0.120875, -0.00633462, 0.999878, 0.0211626, -0.717819, 1.49884, -0.0317094)
joint_offset = Transform3D(1, 0, 0, 0, 1, 0, 0, 0, 1, 5.93182e-06, -1.43581e-08, 0.0145187)
body_offset = Transform3D(1, -2.05822e-07, 1.97098e-06, 1.9556e-06, 4.67524e-07, -1.00002, -7.21775e-08, 1.00012, -3.72529e-08, -5.96046e-06, 0.014519, 1.49012e-08)

[node name="Physical Bone FingerMiddle01_R" parent="Comedian/jerry/ManCasual3Armature/Skeleton3D" index="30"]
transform = Transform3D(-0.00681014, -0.463304, 0.886173, -0.00101301, 0.886197, 0.463308, -0.998721, 0.00226507, -0.00651054, -0.740621, 1.49271, -0.0319551)
joint_offset = Transform3D(1, 0, 0, 0, 1, 0, 0, 0, 1, 1.78262e-07, 2.15953e-06, 0.00946145)
body_offset = Transform3D(0.998745, -1.74623e-08, 8.19564e-08, 2.15322e-06, -1.55516e-06, -1, -4.74858e-06, 1, -1.45515e-06, -1.78814e-07, 0.00946145, -2.14577e-06)

[node name="Physical Bone FingerIndex_R" parent="Comedian/jerry/ManCasual3Armature/Skeleton3D" index="31"]
transform = Transform3D(-0.00572072, 0.0231708, 0.999715, 1, 0.00739766, 0.00554709, -0.00726684, 0.999704, -0.0232109, -0.714871, 1.49843, -0.0147788)
joint_offset = Transform3D(1, 0, 0, 0, 1, 0, 0, 0, 1, -6.06355e-06, 2.26773e-08, 0.0101994)
body_offset = Transform3D(1.00004, -5.58794e-08, 1.01321e-05, 1.36246e-05, -1.24425e-06, -1, 4.33996e-07, 1, -3.1665e-08, 5.96046e-06, 0.0101994, -2.23517e-08)

[node name="Physical Bone FingerIndex01_R" parent="Comedian/jerry/ManCasual3Armature/Skeleton3D" index="32"]
transform = Transform3D(-0.0069882, -0.372211, 0.928121, -0.000540578, 0.928145, 0.372217, -1, 0.00209941, -0.00669233, -0.731755, 1.49563, -0.0144953)
joint_offset = Transform3D(1, 0, 0, 0, 1, 0, 0, 0, 1, 7.05696e-07, -9.64095e-07, 0.00735531)
body_offset = Transform3D(1.00003, 1.53668e-07, 5.34905e-06, 1.15018e-07, 1.58139e-06, -1, -1.72295e-07, 1, 1.41677e-06, -7.45058e-07, 0.00735531, 9.53674e-07)

[node name="Physical Bone FingerThumb_R" parent="Comedian/jerry/ManCasual3Armature/Skeleton3D" index="33"]
transform = Transform3D(-0.0696863, 0.462654, 0.883798, 0.997137, 0.00625073, 0.0753543, 0.0293394, 0.886516, -0.461764, -0.674889, 1.48454, 0.00221423)
joint_offset = Transform3D(1, 0, 0, 0, 1, 0, 0, 0, 1, 4.97565e-05, 7.24125e-06, 0.0120496)
body_offset = Transform3D(0.999999, 2.06754e-06, 6.05639e-06, 4.09037e-06, -4.23193e-06, -1, -2.98023e-08, 1, -2.41399e-06, -4.98295e-05, 0.0120496, -7.21216e-06)

[node name="Physical Bone FingerThumb01_R" parent="Comedian/jerry/ManCasual3Armature/Skeleton3D" index="34"]
transform = Transform3D(-0.292768, -0.0841544, 0.952469, 0.0693409, 0.991625, 0.108927, -0.953666, 0.0979358, -0.284475, -0.694738, 1.48263, 0.0105441)
joint_offset = Transform3D(1, 0, 0, 0, 1, 0, 0, 0, 1, 3.26947e-07, 5.94149e-07, 0.00961238)
body_offset = Transform3D(1, -2.75671e-07, -6.10948e-06, -1.60933e-06, -1.21947e-05, -0.999994, -8.19564e-08, 0.999997, -1.22041e-05, -2.68221e-07, 0.00961232, -4.76837e-07)

[node name="Physical Bone UpperLeg_L" parent="Comedian/jerry/ManCasual3Armature/Skeleton3D" index="35"]
transform = Transform3D(0.000144741, -1.00071, 0.0330872, -0.0202559, 0.0331192, 0.999247, -0.999854, -0.000819651, -0.0202388, 0.0770993, 0.727224, -0.00860444)
joint_offset = Transform3D(1, 0, 0, 0, 1, 0, 0, 0, 1, -9.90744e-07, 2.29665e-07, 0.206669)
body_offset = Transform3D(1.00006, 3.87133e-06, -1.86265e-08, 0, -5.59376e-08, -1, -6.95582e-08, 1.00127, 4.8949e-09, 9.94653e-07, 0.206669, -2.30968e-07)

[node name="Physical Bone LowerLeg_L" parent="Comedian/jerry/ManCasual3Armature/Skeleton3D" index="36"]
transform = Transform3D(0.999446, 0.00168056, 0.0329415, -0.0329822, 0.0465045, 0.998374, 0.000146138, -0.998916, 0.0465348, 0.0637011, 0.321888, -0.0136888)
joint_offset = Transform3D(1, 0, 0, 0, 1, 0, 0, 0, 1, -3.17092e-07, -3.92071e-07, 0.199154)
body_offset = Transform3D(1, -6.18602e-08, 1.40514e-06, -1.85491e-09, 1.86265e-08, -1, -7.24394e-08, 1, -2.01166e-07, 3.72529e-08, 0.199154, 4.32134e-07)

[node name="Physical Bone Foot_L" parent="Comedian/jerry/ManCasual3Armature/Skeleton3D" index="37"]
transform = Transform3D(-0.998298, 0.00145747, 0.00341608, 0.00369729, 0.394458, 0.918861, 1.22487e-06, 0.918913, -0.394433, 0.0568314, 0.0790566, -0.00404672)
joint_offset = Transform3D(1, 0, 0, 0, 1, 0, 0, 0, 1, -0.000146375, -1.68516e-05, 0.0479005)
body_offset = Transform3D(0.998316, -1.10468e-07, -8.1635e-06, 4.73366e-06, -5.96046e-08, -0.999947, 4.95361e-06, 1, 6.82473e-06, 0.000146519, 0.0478979, 1.65254e-05)

[node name="Physical Bone UpperLeg_R" parent="Comedian/jerry/ManCasual3Armature/Skeleton3D" index="38"]
transform = Transform3D(0.000127231, 0.999454, -0.0330573, 0.0202865, 0.0330453, 0.999247, 0.999794, -0.000803761, -0.0202709, -0.0771051, 0.727187, -0.00859737)
joint_offset = Transform3D(1, 0, 0, 0, 1, 0, 0, 0, 1, 1.30549e-06, 1.08763e-06, 0.206706)
body_offset = Transform3D(1, -1.19035e-07, 5.32717e-07, 2.51457e-07, -1.38807e-08, -0.999999, -5.93497e-06, 1, -2.5223e-06, -1.41561e-06, 0.206706, -5.66244e-07)

[node name="Physical Bone LowerLeg_R" parent="Comedian/jerry/ManCasual3Armature/Skeleton3D" index="39"]
transform = Transform3D(0.999458, -0.00166659, -0.0329091, 0.0329565, 0.0464753, 0.99844, -0.000127663, -0.998988, 0.0465069, -0.0637193, 0.321832, -0.0136706)
joint_offset = Transform3D(1, 0, 0, 0, 1, 0, 0, 0, 1, -1.71339e-09, 8.48578e-07, 0.199197)
body_offset = Transform3D(1, -4.74247e-08, 2.10317e-06, -5.82424e-06, -4.99189e-07, -1.00006, -6.44823e-06, 1.00007, -2.76417e-06, -4.17233e-07, 0.19921, -2.98023e-07)

[node name="Physical Bone Foot_R" parent="Comedian/jerry/ManCasual3Armature/Skeleton3D" index="40"]
transform = Transform3D(-1, -0.00146467, -0.00337019, -0.00366593, 0.394488, 0.918894, -2.00959e-05, 0.9189, -0.394491, -0.0569909, 0.0790692, -0.00405002)
joint_offset = Transform3D(1, 0, 0, 0, 1, 0, 0, 0, 1, 1.4646e-05, 7.01559e-06, 0.0478728)
body_offset = Transform3D(1.00001, -5.25843e-08, 3.61524e-08, -9.53037e-06, 2.08616e-07, -1, 1.0544e-07, 1, 5.96046e-08, -1.46478e-05, 0.0478728, -7.01845e-06)

[editable path="Comedian/jerry"]


