[gd_scene load_steps=23 format=3 uid="uid://58km2s5urj3l"]

[ext_resource type="PackedScene" uid="uid://38sn6sehdlip" path="res://models/jerry.glb" id="1_sqou7"]
[ext_resource type="Script" path="res://scripts/player_ragdoll.gd" id="2_yflsm"]

[sub_resource type="CapsuleShape3D" id="CapsuleShape3D_wjnor"]
radius = 0.0105605
height = 0.105605

[sub_resource type="CapsuleShape3D" id="CapsuleShape3D_hpg5g"]
radius = 0.0196406
height = 0.196406

[sub_resource type="CapsuleShape3D" id="CapsuleShape3D_pqiw0"]
radius = 0.0147528
height = 0.147528

[sub_resource type="CapsuleShape3D" id="CapsuleShape3D_qqqct"]
radius = 0.0147096
height = 0.147096

[sub_resource type="CapsuleShape3D" id="CapsuleShape3D_8xs78"]
radius = 0.0162285
height = 0.162285

[sub_resource type="CapsuleShape3D" id="CapsuleShape3D_8c63d"]
radius = 0.0276163
height = 0.276163

[sub_resource type="CapsuleShape3D" id="CapsuleShape3D_b4ixk"]
radius = 0.0178604
height = 0.178604

[sub_resource type="CapsuleShape3D" id="CapsuleShape3D_4e2bm"]
radius = 0.00999657
height = 0.0999657

[sub_resource type="CapsuleShape3D" id="CapsuleShape3D_n63yl"]
radius = 0.00962626
height = 0.0962626

[sub_resource type="CapsuleShape3D" id="CapsuleShape3D_bevim"]
radius = 0.0147956
height = 0.147956

[sub_resource type="CapsuleShape3D" id="CapsuleShape3D_qkfnh"]
radius = 0.0162285
height = 0.162285

[sub_resource type="CapsuleShape3D" id="CapsuleShape3D_tm2fe"]
radius = 0.0276163
height = 0.276163

[sub_resource type="CapsuleShape3D" id="CapsuleShape3D_4youo"]
radius = 0.0178604
height = 0.178604

[sub_resource type="CapsuleShape3D" id="CapsuleShape3D_m4hmx"]
radius = 0.00999654
height = 0.0999654

[sub_resource type="CapsuleShape3D" id="CapsuleShape3D_mdakc"]
radius = 0.041333
height = 0.41333

[sub_resource type="CapsuleShape3D" id="CapsuleShape3D_n512a"]
radius = 0.0398303
height = 0.398303

[sub_resource type="CapsuleShape3D" id="CapsuleShape3D_wd203"]
radius = 0.00957561
height = 0.0957561

[sub_resource type="CapsuleShape3D" id="CapsuleShape3D_6kpik"]
radius = 0.041333
height = 0.41333

[sub_resource type="CapsuleShape3D" id="CapsuleShape3D_6bt5h"]
radius = 0.0398303
height = 0.398303

[sub_resource type="CapsuleShape3D" id="CapsuleShape3D_bu4a1"]
radius = 0.0095756
height = 0.095756

[node name="jerry" instance=ExtResource("1_sqou7")]

[node name="Skeleton3D" parent="ManCasual3Armature" index="0"]
transform = Transform3D(1, 0, 0, 0, 1, 0, 0, 0, 1, -0.100103, 0.239831, 0)
motion_scale = 1.179
script = ExtResource("2_yflsm")

[node name="Physical Bone Hips" type="PhysicalBone3D" parent="ManCasual3Armature/Skeleton3D" index="1"]
transform = Transform3D(1, -3.38218e-12, -9.88098e-14, 2.16716e-13, -0.118394, -0.992967, -2.37321e-12, 0.992967, -0.118394, 2.83122e-07, 1.03006, 0.00624957)
disable_mode = 2
joint_offset = Transform3D(1, 0, 0, 0, 1, 0, 0, 0, 1, -2.83052e-07, -4.38973e-07, 0.0527867)
body_offset = Transform3D(1, -2.38419e-07, -1.32336e-09, 8.03806e-15, 0.00555052, -0.999985, 2.38416e-07, 0.999985, 0.00555052, 2.83122e-07, 0.0527859, -0.000292554)
bone_name = "Hips"

[node name="CollisionShape3D" type="CollisionShape3D" parent="ManCasual3Armature/Skeleton3D/Physical Bone Hips" index="0"]
transform = Transform3D(1, 0, 0, 0, 0, 1, 0, -1, 0, 0, 0, 0)
shape = SubResource("CapsuleShape3D_wjnor")

[node name="Physical Bone Spine" type="PhysicalBone3D" parent="ManCasual3Armature/Skeleton3D" index="2"]
transform = Transform3D(1, 2.38419e-07, -2.06058e-13, 1.04584e-08, -0.0438475, -0.999038, -2.38278e-07, 0.999038, -0.043848, -0.000354536, 1.18059, 0.0168064)
disable_mode = 2
joint_type = 1
joint_offset = Transform3D(1, 0, 0, 0, 1, 0, 0, 0, 1, 0.000354536, 8.92158e-07, 0.0981773)
body_offset = Transform3D(1, 1.56319e-13, -2.75335e-14, 5.08926e-13, 4.84288e-08, -1, -8.8491e-11, 1, -4.35859e-07, -0.000354536, 0.0981773, -8.49366e-07)
bone_name = "Spine"
joint_constraints/bias = 0.3
joint_constraints/damping = 1.0
joint_constraints/impulse_clamp = 0.0

[node name="CollisionShape3D" type="CollisionShape3D" parent="ManCasual3Armature/Skeleton3D/Physical Bone Spine" index="0"]
transform = Transform3D(1, 0, 0, 0, 0, 1, 0, -1, 0, 0, 0, 0)
shape = SubResource("CapsuleShape3D_hpg5g")

[node name="Physical Bone Chest" type="PhysicalBone3D" parent="ManCasual3Armature/Skeleton3D" index="3"]
transform = Transform3D(1, 2.38474e-07, 6.0279e-11, -1.77495e-08, 0.0746812, -0.997208, -2.37813e-07, 0.997207, 0.0746822, 0.000354476, 1.35231, 0.0156043)
disable_mode = 2
joint_type = 1
joint_offset = Transform3D(1, 0, 0, 0, 1, 0, 0, 0, 1, -0.000354476, -1.16482e-06, 0.0737955)
body_offset = Transform3D(1, 0, -1.74083e-13, -1.95399e-14, -1.56462e-07, -1, 0, 1, 8.41916e-07, 0.000354476, 0.0737956, 1.10269e-06)
bone_name = "Chest"
joint_constraints/bias = 0.3
joint_constraints/damping = 1.0
joint_constraints/impulse_clamp = 0.0

[node name="CollisionShape3D" type="CollisionShape3D" parent="ManCasual3Armature/Skeleton3D/Physical Bone Chest" index="0"]
transform = Transform3D(1, 0, 0, 0, 0, 1, 0, -1, 0, 0, 0, 0)
shape = SubResource("CapsuleShape3D_pqiw0")

[node name="Physical Bone UpperChest" type="PhysicalBone3D" parent="ManCasual3Armature/Skeleton3D" index="4"]
transform = Transform3D(1, 2.37707e-07, 1.01906e-08, -7.07334e-08, 0.338285, -0.941044, -2.27974e-07, 0.941045, 0.338285, -0.000355802, 1.49505, -0.0147827)
disable_mode = 2
joint_type = 1
joint_offset = Transform3D(1, 0, 0, 0, 1, 0, 0, 0, 1, 0.000355802, -4.96564e-07, 0.0735473)
body_offset = Transform3D(1, -7.54127e-10, 1.01301e-08, 1.04964e-08, 2.68221e-07, -1, 1.42109e-14, 1, 2.68221e-07, -0.000355802, 0.0735474, 4.76837e-07)
bone_name = "UpperChest"
joint_constraints/bias = 0.3
joint_constraints/damping = 1.0
joint_constraints/impulse_clamp = 0.0

[node name="CollisionShape3D" type="CollisionShape3D" parent="ManCasual3Armature/Skeleton3D/Physical Bone UpperChest" index="0"]
transform = Transform3D(1, 0, 0, 0, 0, 1, 0, -1, 0, 0, 0, 0)
shape = SubResource("CapsuleShape3D_qqqct")

[node name="Physical Bone Shoulder_L" type="PhysicalBone3D" parent="ManCasual3Armature/Skeleton3D" index="5"]
transform = Transform3D(-5.95761e-07, 0.434067, -0.900881, -1.31818e-06, 0.900881, 0.434067, 1, 1.46031e-06, 1.53017e-08, 0.0731006, 1.52904, -0.0396634)
disable_mode = 2
joint_type = 1
joint_offset = Transform3D(1, 0, 0, 0, 1, 0, 0, 0, 1, -1.24174e-09, 6.66176e-07, 0.0811438)
body_offset = Transform3D(1, -3.41061e-13, 1.5303e-08, 1.58524e-08, -8.64267e-07, -1, -1.13687e-13, 1, -8.64267e-07, 0, 0.0811438, -5.96046e-07)
bone_name = "Shoulder.L"
joint_constraints/bias = 0.3
joint_constraints/damping = 1.0
joint_constraints/impulse_clamp = 0.0

[node name="CollisionShape3D" type="CollisionShape3D" parent="ManCasual3Armature/Skeleton3D/Physical Bone Shoulder_L" index="0"]
transform = Transform3D(1, 0, 0, 0, 0, 1, 0, -1, 0, 0, 0, 0)
shape = SubResource("CapsuleShape3D_8xs78")

[node name="Physical Bone UpperArm_L" type="PhysicalBone3D" parent="ManCasual3Armature/Skeleton3D" index="6"]
transform = Transform3D(0.026653, 0.00805081, -0.999615, -0.00356553, 0.999962, 0.00797903, 0.999588, 0.00335222, 0.0266778, 0.284219, 1.49244, -0.0433459)
disable_mode = 2
joint_type = 1
joint_offset = Transform3D(1, 0, 0, 0, 1, 0, 0, 0, 1, -1.93866e-06, 0.000270589, 0.138074)
body_offset = Transform3D(0.99995, -2.04658e-07, -6.81542e-06, -2.3935e-06, 4.30875e-07, -1, 2.21888e-07, 1, 2.08359e-05, 2.87965e-06, 0.138075, -0.000273466)
bone_name = "UpperArm.L"
joint_constraints/bias = 0.3
joint_constraints/damping = 1.0
joint_constraints/impulse_clamp = 0.0

[node name="CollisionShape3D" type="CollisionShape3D" parent="ManCasual3Armature/Skeleton3D/Physical Bone UpperArm_L" index="0"]
transform = Transform3D(1, 0, 0, 0, 0, 1, 0, -1, 0, 0, 0, 0)
shape = SubResource("CapsuleShape3D_8c63d")

[node name="Physical Bone LowerArm_L" type="PhysicalBone3D" parent="ManCasual3Armature/Skeleton3D" index="7"]
transform = Transform3D(-0.0528068, -0.0207584, -0.998407, -0.00164984, 0.999922, -0.0206989, 0.998625, 0.00056294, -0.0528282, 0.511419, 1.49347, -0.0423136)
disable_mode = 2
joint_type = 1
joint_offset = Transform3D(1, 0, 0, 0, 1, 0, 0, 0, 1, -1.24853e-06, -4.86927e-06, 0.0893062)
body_offset = Transform3D(1.00002, 8.62806e-06, 1.30013e-06, -1.11759e-08, 1.57611e-06, -1.00002, 5.82077e-11, 1.00014, -1.9754e-07, 1.13249e-06, 0.0893078, 4.88758e-06)
bone_name = "LowerArm.L"
joint_constraints/bias = 0.3
joint_constraints/damping = 1.0
joint_constraints/impulse_clamp = 0.0

[node name="CollisionShape3D" type="CollisionShape3D" parent="ManCasual3Armature/Skeleton3D/Physical Bone LowerArm_L" index="0"]
transform = Transform3D(1, 0, 0, 0, 0, 1, 0, -1, 0, 0, 0, 0)
shape = SubResource("CapsuleShape3D_b4ixk")

[node name="Physical Bone Hand_L" type="PhysicalBone3D" parent="ManCasual3Armature/Skeleton3D" index="8"]
transform = Transform3D(-0.00199627, 0.270983, -0.966117, -0.996283, -0.140908, -0.0373884, -0.145502, 0.958322, 0.268573, 0.648866, 1.50017, -0.0509672)
disable_mode = 2
joint_type = 1
joint_offset = Transform3D(1, 0, 0, 0, 1, 0, 0, 0, 1, 0.0029409, 0.000361701, 0.0500838)
body_offset = Transform3D(-0.147279, 0.970301, 0.220333, 9.31323e-07, 0.222446, -0.978416, -0.996024, -0.143882, -0.0326813, -0.0109529, 0.0489223, 0.00461805)
bone_name = "Hand.L"
joint_constraints/bias = 0.3
joint_constraints/damping = 1.0
joint_constraints/impulse_clamp = 0.0

[node name="CollisionShape3D" type="CollisionShape3D" parent="ManCasual3Armature/Skeleton3D/Physical Bone Hand_L" index="0"]
transform = Transform3D(1, 0, 0, 0, 0, 1, 0, -1, 0, 0, 0, 0)
shape = SubResource("CapsuleShape3D_4e2bm")

[node name="Physical Bone FingerLittle_L" type="PhysicalBone3D" parent="ManCasual3Armature/Skeleton3D" index="9"]
transform = Transform3D(0.0274775, 0.0648138, -0.997532, -0.999617, 0.00657893, -0.0271088, 0.00479621, 0.999029, 0.0648854, 0.707595, 1.49934, -0.065037)
disable_mode = 2
joint_type = 1
joint_offset = Transform3D(1, 0, 0, 0, 1, 0, 0, 0, 1, 1.83192e-05, 1.38529e-07, 0.0107994)
body_offset = Transform3D(1.00001, -3.92133e-06, 3.60823e-06, 3.63259e-06, 1.03042e-05, -1.00001, 9.31323e-10, 1.00115, 6.10948e-07, -1.83582e-05, 0.0107995, -1.45286e-07)
bone_name = "FingerLittle.L"
joint_constraints/bias = 0.3
joint_constraints/damping = 1.0
joint_constraints/impulse_clamp = 0.0

[node name="Physical Bone FingerLittle01_L" type="PhysicalBone3D" parent="ManCasual3Armature/Skeleton3D" index="10"]
transform = Transform3D(0.0218649, 0.236494, -0.971386, -0.00700546, 0.971631, 0.236396, 0.999736, 0.00163622, 0.0229014, 0.728368, 1.49719, -0.0659911)
disable_mode = 2
joint_type = 1
joint_offset = Transform3D(1, 0, 0, 0, 1, 0, 0, 0, 1, 1.50418e-05, 9.57308e-06, 0.0102296)
body_offset = Transform3D(1, -8.28877e-08, 9.12696e-08, 8.3819e-08, -3.5565e-06, -1, 8.3819e-09, 1, -3.55238e-06, -1.50427e-05, 0.0102296, -9.53674e-06)
bone_name = "FingerLittle01.L"
joint_constraints/bias = 0.3
joint_constraints/damping = 1.0
joint_constraints/impulse_clamp = 0.0

[node name="Physical Bone FingerRing_L" type="PhysicalBone3D" parent="ManCasual3Armature/Skeleton3D" index="11"]
transform = Transform3D(-0.00270873, 0.058675, -1.0005, -1.00521, 0.00778605, 0.00315062, 0.00791089, 1.00185, 0.058606, 0.714602, 1.50067, -0.0478716)
disable_mode = 2
joint_type = 1
joint_offset = Transform3D(1, 0, 0, 0, 1, 0, 0, 0, 1, -2.985e-06, -5.65679e-07, 0.0106219)
body_offset = Transform3D(1.00524, -4.05088e-05, 1.9203e-06, -4.78988e-06, -2.59764e-05, -1.00222, -1.92123e-05, 1.0036, 8.19936e-06, 2.98023e-06, 0.0106455, 4.80562e-07)
bone_name = "FingerRing.L"
joint_constraints/bias = 0.3
joint_constraints/damping = 1.0
joint_constraints/impulse_clamp = 0.0

[node name="Physical Bone FingerRing01_L" type="PhysicalBone3D" parent="ManCasual3Armature/Skeleton3D" index="12"]
transform = Transform3D(-0.0054083, 0.422592, -0.906301, 0.000238575, 0.906317, 0.422595, 0.997969, 0.00207598, -0.00500257, 0.736422, 1.49545, -0.0484341)
disable_mode = 2
joint_type = 1
joint_offset = Transform3D(1, 0, 0, 0, 1, 0, 0, 0, 1, -1.63418e-06, -1.19916e-05, 0.0122941)
body_offset = Transform3D(0.997984, -2.32831e-10, 7.51065e-06, -2.41771e-06, -2.62268e-06, -0.999996, 2.47359e-06, 0.999999, -3.94796e-06, 1.53854e-06, 0.0122941, 1.20401e-05)
bone_name = "FingerRing01.L"
joint_constraints/bias = 0.3
joint_constraints/damping = 1.0
joint_constraints/impulse_clamp = 0.0

[node name="Physical Bone FingerMiddle_L" type="PhysicalBone3D" parent="ManCasual3Armature/Skeleton3D" index="13"]
transform = Transform3D(-0.120757, 0.0217727, -0.992444, -0.992666, 0.00373045, 0.120865, 0.00633397, 0.999756, 0.0211624, 0.717825, 1.49883, -0.031708)
disable_mode = 2
joint_type = 1
joint_offset = Transform3D(1, 0, 0, 0, 1, 0, 0, 0, 1, -1.50914e-05, -1.74716e-06, 0.014526)
body_offset = Transform3D(1, 0, 4.89285e-06, 5.60426e-06, 0, -1, 1.23866e-07, 1, 0, 1.50204e-05, 0.014526, 1.74716e-06)
bone_name = "FingerMiddle.L"
joint_constraints/bias = 0.3
joint_constraints/damping = 1.0
joint_constraints/impulse_clamp = 0.0

[node name="Physical Bone FingerMiddle01_L" type="PhysicalBone3D" parent="ManCasual3Armature/Skeleton3D" index="14"]
transform = Transform3D(-0.00681523, 0.463308, -0.886172, 0.00101606, 0.886194, 0.463314, 0.999976, 0.00225714, -0.00651467, 0.74062, 1.49271, -0.0319558)
disable_mode = 2
joint_type = 1
joint_offset = Transform3D(1, 0, 0, 0, 1, 0, 0, 0, 1, 2.91045e-07, 1.9506e-06, 0.00946054)
body_offset = Transform3D(1, 2.32831e-10, -4.38141e-06, -1.01048e-07, -5.06436e-06, -1, -1.39698e-09, 1, -4.57218e-06, -2.49594e-07, 0.00946055, -1.90735e-06)
bone_name = "FingerMiddle01.L"
joint_constraints/bias = 0.3
joint_constraints/damping = 1.0
joint_constraints/impulse_clamp = 0.0

[node name="Physical Bone FingerIndex_L" type="PhysicalBone3D" parent="ManCasual3Armature/Skeleton3D" index="15"]
transform = Transform3D(-0.00571324, -0.0231706, -0.999895, -0.999957, 0.00739789, 0.00554369, 0.0072668, 0.999805, -0.023214, 0.714592, 1.49924, -0.0147821)
disable_mode = 2
joint_type = 1
joint_offset = Transform3D(1, 0, 0, 0, 1, 0, 0, 0, 1, 0.000815331, -9.32053e-06, 0.00991397)
body_offset = Transform3D(1, 1.46218e-07, -5.87119e-06, -6.41002e-06, 1.04122e-06, -1.00018, 5.68107e-08, 1.0001, 8.27014e-07, -0.000815272, 0.00991577, 9.31323e-06)
bone_name = "FingerIndex.L"
joint_constraints/bias = 0.3
joint_constraints/damping = 1.0
joint_constraints/impulse_clamp = 0.0

[node name="Physical Bone FingerIndex01_L" type="PhysicalBone3D" parent="ManCasual3Armature/Skeleton3D" index="16"]
transform = Transform3D(-0.00699919, 0.372671, -0.928161, 0.000520481, 0.928266, 0.372263, 0.999975, 0.00212768, -0.00668745, 0.731751, 1.49563, -0.014489)
disable_mode = 2
joint_type = 1
joint_offset = Transform3D(1, 0, 0, 0, 1, 0, 0, 0, 1, -7.25254e-06, 9.2574e-07, 0.00735126)
body_offset = Transform3D(1, 1.77114e-06, -3.3481e-07, -3.18605e-06, 0.000406188, -1.00005, 6.11646e-07, 1.00028, 5.24134e-05, 7.255e-06, 0.00735165, -1.3113e-06)
bone_name = "FingerIndex01.L"
joint_constraints/bias = 0.3
joint_constraints/damping = 1.0
joint_constraints/impulse_clamp = 0.0

[node name="Physical Bone FingerThumb_L" type="PhysicalBone3D" parent="ManCasual3Armature/Skeleton3D" index="17"]
transform = Transform3D(-0.0696975, -0.462658, -0.883819, -0.997147, 0.0062559, 0.0753631, -0.0293369, 0.886528, -0.461788, 0.674911, 1.4846, 0.00222902)
disable_mode = 2
joint_type = 1
joint_offset = Transform3D(1, 0, 0, 0, 1, 0, 0, 0, 1, 1.55892e-05, 3.86806e-06, 0.0120709)
body_offset = Transform3D(1.00001, 2.6077e-08, -7.63033e-06, -6.94487e-06, -1.49012e-06, -1.00003, -5.21541e-08, 1.00001, -1.18315e-05, -1.54972e-05, 0.0120713, -3.72529e-06)
bone_name = "FingerThumb.L"
joint_constraints/bias = 0.3
joint_constraints/damping = 1.0
joint_constraints/impulse_clamp = 0.0

[node name="Physical Bone FingerThumb01_L" type="PhysicalBone3D" parent="ManCasual3Armature/Skeleton3D" index="18"]
transform = Transform3D(-0.29277, 0.0841325, -0.952473, -0.0693667, 0.991628, 0.108912, 0.953662, 0.0979562, -0.284482, 0.69474, 1.48263, 0.0105443)
disable_mode = 2
joint_type = 1
joint_offset = Transform3D(1, 0, 0, 0, 1, 0, 0, 0, 1, 2.05464e-07, -5.0831e-07, 0.0096149)
body_offset = Transform3D(0.999999, -7.45058e-09, 3.27826e-07, -7.45058e-07, -9.02265e-06, -0.999999, -2.38419e-07, 1, -9.1251e-06, -2.08616e-07, 0.00961488, 5.96046e-07)
bone_name = "FingerThumb01.L"
joint_constraints/bias = 0.3
joint_constraints/damping = 1.0
joint_constraints/impulse_clamp = 0.0

[node name="Physical Bone Neck" type="PhysicalBone3D" parent="ManCasual3Armature/Skeleton3D" index="19"]
transform = Transform3D(1, 2.36653e-07, -5.15217e-11, 5.73301e-08, -0.24172, -0.970347, -2.31114e-07, 0.970347, -0.24172, 2.25008e-06, 1.61096, -0.0280289)
disable_mode = 2
joint_type = 1
joint_offset = Transform3D(1, 0, 0, 0, 1, 0, 0, 0, 1, -2.25008e-06, 3.26712e-08, 0.0481325)
body_offset = Transform3D(1, -1.46528e-09, 1.83242e-10, 1.10134e-13, -5.96046e-08, -1, 0, 1, -5.96046e-08, 2.25008e-06, 0.0481325, -2.98023e-08)
bone_name = "Neck"
joint_constraints/bias = 0.3
joint_constraints/damping = 1.0
joint_constraints/impulse_clamp = 0.0

[node name="CollisionShape3D" type="CollisionShape3D" parent="ManCasual3Armature/Skeleton3D/Physical Bone Neck" index="0"]
transform = Transform3D(1, 0, 0, 0, 0, 1, 0, -1, 0, 0, 0, 0)
shape = SubResource("CapsuleShape3D_n63yl")

[node name="Physical Bone Head" type="PhysicalBone3D" parent="ManCasual3Armature/Skeleton3D" index="20"]
transform = Transform3D(-0.98915, -0.110005, -0.0978004, -0.0078833, 0.704379, -0.709782, 0.146697, -0.701308, -0.697621, 0.00723404, 1.71017, 0.0352126)
disable_mode = 2
joint_type = 1
joint_offset = Transform3D(1, 0, 0, 0, 1, 0, 0, 0, 1, -8.84756e-07, 7.07805e-08, 0.0739762)
body_offset = Transform3D(-0.98915, -0.110005, -0.0978003, -2.79397e-09, 0.665731, -0.746195, 0.146909, -0.738096, -0.658528, 0.00723402, 0.0552006, 0.0487156)
bone_name = "Head"
joint_constraints/bias = 0.3
joint_constraints/damping = 1.0
joint_constraints/impulse_clamp = 0.0

[node name="CollisionShape3D" type="CollisionShape3D" parent="ManCasual3Armature/Skeleton3D/Physical Bone Head" index="0"]
transform = Transform3D(1, 0, 0, 0, 0, 1, 0, -1, 0, 0, 0, 0)
shape = SubResource("CapsuleShape3D_bevim")

[node name="Physical Bone Shoulder_R" type="PhysicalBone3D" parent="ManCasual3Armature/Skeleton3D" index="21"]
transform = Transform3D(-2.20688e-07, -0.434069, 0.90088, -8.02863e-07, 0.90088, 0.434069, -1, -5.96047e-07, -5.44267e-07, -0.0730993, 1.52904, -0.0396634)
disable_mode = 2
joint_type = 1
joint_offset = Transform3D(1, 0, 0, 0, 1, 0, 0, 0, 1, 5.74157e-10, 2.7711e-07, 0.0811423)
body_offset = Transform3D(1, 5.68434e-14, -7.07593e-09, -4.14599e-09, -2.38419e-07, -1, 2.27374e-13, 1, -4.76837e-07, 0, 0.0811422, -2.38419e-07)
bone_name = "Shoulder.R"
joint_constraints/bias = 0.3
joint_constraints/damping = 1.0
joint_constraints/impulse_clamp = 0.0

[node name="CollisionShape3D" type="CollisionShape3D" parent="ManCasual3Armature/Skeleton3D/Physical Bone Shoulder_R" index="0"]
transform = Transform3D(1, 0, 0, 0, 0, 1, 0, -1, 0, 0, 0, 0)
shape = SubResource("CapsuleShape3D_qkfnh")

[node name="Physical Bone UpperArm_R" type="PhysicalBone3D" parent="ManCasual3Armature/Skeleton3D" index="22"]
transform = Transform3D(0.0266576, -0.00805008, 0.999612, 0.00356587, 0.999962, 0.00795968, -0.999588, 0.0033529, 0.0266838, -0.28424, 1.49287, -0.0433433)
disable_mode = 2
joint_type = 1
joint_offset = Transform3D(1, 0, 0, 0, 1, 0, 0, 0, 1, 4.37226e-06, -0.000155771, 0.138092)
body_offset = Transform3D(0.99995, 0, 2.5332e-07, -2.59839e-06, 5.63829e-07, -1, -3.55067e-07, 1, 2.3351e-06, -4.40702e-06, 0.138092, 0.000155449)
bone_name = "UpperArm.R"
joint_constraints/bias = 0.3
joint_constraints/damping = 1.0
joint_constraints/impulse_clamp = 0.0

[node name="CollisionShape3D" type="CollisionShape3D" parent="ManCasual3Armature/Skeleton3D/Physical Bone UpperArm_R" index="0"]
transform = Transform3D(1, 0, 0, 0, 0, 1, 0, -1, 0, 0, 0, 0)
shape = SubResource("CapsuleShape3D_tm2fe")

[node name="Physical Bone LowerArm_R" type="PhysicalBone3D" parent="ManCasual3Armature/Skeleton3D" index="23"]
transform = Transform3D(-0.0528059, 0.0207564, 0.998389, 0.00164941, 0.999784, -0.020698, -0.998604, 0.000553776, -0.0528301, -0.511414, 1.493, -0.042312)
disable_mode = 2
joint_type = 1
joint_offset = Transform3D(1, 0, 0, 0, 1, 0, 0, 0, 1, 3.41214e-06, 0.000462752, 0.0892935)
body_offset = Transform3D(1, 2.8871e-08, 1.33738e-06, 4.84288e-08, 2.09164e-07, -1, 5.82077e-11, 1, 2.09726e-07, -3.53158e-06, 0.0892935, -0.00046277)
bone_name = "LowerArm.R"
joint_constraints/bias = 0.3
joint_constraints/damping = 1.0
joint_constraints/impulse_clamp = 0.0

[node name="CollisionShape3D" type="CollisionShape3D" parent="ManCasual3Armature/Skeleton3D/Physical Bone LowerArm_R" index="0"]
transform = Transform3D(1, 0, 0, 0, 0, 1, 0, -1, 0, 0, 0, 0)
shape = SubResource("CapsuleShape3D_4youo")

[node name="Physical Bone Hand_R" type="PhysicalBone3D" parent="ManCasual3Armature/Skeleton3D" index="24"]
transform = Transform3D(-0.00199259, -0.270054, 0.962846, 0.990716, -0.139958, -0.0372533, 0.144785, 0.952628, 0.267483, -0.648694, 1.49732, -0.0509643)
disable_mode = 2
joint_type = 1
joint_offset = Transform3D(1, 0, 0, 0, 1, 0, 0, 0, 1, -0.000141008, 1.84425e-05, 0.0499847)
body_offset = Transform3D(-0.146552, -0.96457, -0.219407, 1.81468e-06, 0.221805, -0.975094, 0.990458, -0.142918, -0.032562, 0.0109641, 0.0487357, 0.0017699)
bone_name = "Hand.R"
joint_constraints/bias = 0.3
joint_constraints/damping = 1.0
joint_constraints/impulse_clamp = 0.0

[node name="CollisionShape3D" type="CollisionShape3D" parent="ManCasual3Armature/Skeleton3D/Physical Bone Hand_R" index="0"]
transform = Transform3D(1, 0, 0, 0, 0, 1, 0, -1, 0, 0, 0, 0)
shape = SubResource("CapsuleShape3D_m4hmx")

[node name="Physical Bone FingerLittle_R" type="PhysicalBone3D" parent="ManCasual3Armature/Skeleton3D" index="25"]
transform = Transform3D(0.0274706, -0.0647286, 0.997508, 0.999464, 0.00656766, -0.0271013, -0.00479363, 0.997876, 0.0648842, -0.707658, 1.49928, -0.0650405)
disable_mode = 2
joint_type = 1
joint_offset = Transform3D(1, 0, 0, 0, 1, 0, 0, 0, 1, 4.90863e-05, 2.84792e-07, 0.0108606)
body_offset = Transform3D(0.999853, 8.84756e-09, 3.23876e-06, -1.07291e-06, 1.41561e-07, -0.999983, 2.52761e-06, 0.999995, 1.20699e-06, -4.91142e-05, 0.0108604, -2.98023e-07)
bone_name = "FingerLittle.R"
joint_constraints/bias = 0.3
joint_constraints/damping = 1.0
joint_constraints/impulse_clamp = 0.0

[node name="Physical Bone FingerLittle01_R" type="PhysicalBone3D" parent="ManCasual3Armature/Skeleton3D" index="26"]
transform = Transform3D(0.0218625, -0.239242, 0.971399, 0.00702184, 0.976558, 0.236385, -0.999736, 0.00162409, 0.0229005, -0.72837, 1.49721, -0.0659762)
disable_mode = 2
joint_type = 1
joint_offset = Transform3D(1, 0, 0, 0, 1, 0, 0, 0, 1, -5.54201e-07, -8.06573e-06, 0.0102269)
body_offset = Transform3D(1, 2.22563e-06, 2.81259e-07, -2.34507e-06, 0.001519, -1.00001, 9.45758e-07, 1.00544, 3.27367e-07, 5.51343e-07, 0.010227, 8.10623e-06)
bone_name = "FingerLittle01.R"
joint_constraints/bias = 0.3
joint_constraints/damping = 1.0
joint_constraints/impulse_clamp = 0.0

[node name="Physical Bone FingerRing_R" type="PhysicalBone3D" parent="ManCasual3Armature/Skeleton3D" index="27"]
transform = Transform3D(-0.00268649, -0.0584899, 0.998267, 0.999117, 0.00772383, 0.00313919, -0.0078895, 0.998258, 0.0584649, -0.714641, 1.50032, -0.0478605)
disable_mode = 2
joint_type = 1
joint_offset = Transform3D(1, 0, 0, 0, 1, 0, 0, 0, 1, 0.000351974, -1.09478e-05, 0.0106859)
body_offset = Transform3D(0.999153, 0, -1.19009e-05, -5.10778e-06, 1.3411e-07, -0.999983, -1.63354e-06, 1, -1.06916e-06, -0.000351548, 0.0106857, 1.09598e-05)
bone_name = "FingerRing.R"
joint_constraints/bias = 0.3
joint_constraints/damping = 1.0
joint_constraints/impulse_clamp = 0.0

[node name="Physical Bone FingerRing01_R" type="PhysicalBone3D" parent="ManCasual3Armature/Skeleton3D" index="28"]
transform = Transform3D(-0.00542231, -0.422585, 0.906308, -0.000225313, 0.906323, 0.42259, -1, 0.00208871, -0.00501385, -0.736418, 1.49544, -0.0484353)
disable_mode = 2
joint_type = 1
joint_offset = Transform3D(1, 0, 0, 0, 1, 0, 0, 0, 1, 2.25907e-08, -7.23264e-07, 0.0122951)
body_offset = Transform3D(1.00001, -1.42935e-06, 4.5253e-06, 1.97906e-07, 3.89789e-07, -1, -7.21775e-09, 1, 6.51438e-07, -7.82311e-08, 0.0122951, 7.15256e-07)
bone_name = "FingerRing01.R"
joint_constraints/bias = 0.3
joint_constraints/damping = 1.0
joint_constraints/impulse_clamp = 0.0

[node name="Physical Bone FingerMiddle_R" type="PhysicalBone3D" parent="ManCasual3Armature/Skeleton3D" index="29"]
transform = Transform3D(-0.120764, -0.0217756, 0.992464, 0.992665, 0.00373123, 0.120875, -0.00633462, 0.999878, 0.0211626, -0.717819, 1.49884, -0.0317094)
disable_mode = 2
joint_type = 1
joint_offset = Transform3D(1, 0, 0, 0, 1, 0, 0, 0, 1, 5.69332e-06, 2.97898e-10, 0.0145188)
body_offset = Transform3D(1, -2.60305e-07, 1.97718e-06, 1.9406e-06, 4.97326e-07, -1.00002, -8.00937e-08, 1.00012, -2.04891e-08, -5.72205e-06, 0.0145192, 0)
bone_name = "FingerMiddle.R"
joint_constraints/bias = 0.3
joint_constraints/damping = 1.0
joint_constraints/impulse_clamp = 0.0

[node name="Physical Bone FingerMiddle01_R" type="PhysicalBone3D" parent="ManCasual3Armature/Skeleton3D" index="30"]
transform = Transform3D(-0.00681015, -0.463304, 0.886173, -0.00101301, 0.886196, 0.463308, -0.99872, 0.00226507, -0.00651054, -0.740622, 1.49271, -0.0319551)
disable_mode = 2
joint_type = 1
joint_offset = Transform3D(1, 0, 0, 0, 1, 0, 0, 0, 1, 1.70992e-07, 1.3262e-06, 0.00946205)
body_offset = Transform3D(0.998744, 2.32831e-10, 6.1933e-08, 2.13319e-06, -1.5551e-06, -1, -4.68805e-06, 1, -1.57401e-06, -1.71363e-07, 0.00946204, -1.3113e-06)
bone_name = "FingerMiddle01.R"
joint_constraints/bias = 0.3
joint_constraints/damping = 1.0
joint_constraints/impulse_clamp = 0.0

[node name="Physical Bone FingerIndex_R" type="PhysicalBone3D" parent="ManCasual3Armature/Skeleton3D" index="31"]
transform = Transform3D(-0.00572071, 0.0231708, 0.999715, 1, 0.00739766, 0.00554709, -0.00726684, 0.999704, -0.0232109, -0.714871, 1.49843, -0.0147788)
disable_mode = 2
joint_type = 1
joint_offset = Transform3D(1, 0, 0, 0, 1, 0, 0, 0, 1, -6.06393e-06, 3.16687e-08, 0.0101994)
body_offset = Transform3D(1.00004, -2.31899e-07, 1.01697e-05, 1.36022e-05, -1.22935e-06, -1, 6.13276e-07, 1, 0, 5.96046e-06, 0.0101994, -3.1665e-08)
bone_name = "FingerIndex.R"
joint_constraints/bias = 0.3
joint_constraints/damping = 1.0
joint_constraints/impulse_clamp = 0.0

[node name="Physical Bone FingerIndex01_R" type="PhysicalBone3D" parent="ManCasual3Armature/Skeleton3D" index="32"]
transform = Transform3D(-0.00698818, -0.372211, 0.928121, -0.00054057, 0.928146, 0.372217, -1, 0.00209941, -0.00669233, -0.731755, 1.49563, -0.0144953)
disable_mode = 2
joint_type = 1
joint_offset = Transform3D(1, 0, 0, 0, 1, 0, 0, 0, 1, 6.87673e-07, -4.87485e-07, 0.00735543)
body_offset = Transform3D(1.00002, 4.65661e-10, 5.26709e-06, 1.62981e-08, 1.49215e-06, -1, -1.07102e-08, 1, 1.44765e-06, -7.26432e-07, 0.00735543, 4.76837e-07)
bone_name = "FingerIndex01.R"
joint_constraints/bias = 0.3
joint_constraints/damping = 1.0
joint_constraints/impulse_clamp = 0.0

[node name="Physical Bone FingerThumb_R" type="PhysicalBone3D" parent="ManCasual3Armature/Skeleton3D" index="33"]
transform = Transform3D(-0.0696863, 0.462653, 0.883797, 0.997137, 0.00624875, 0.0753527, 0.0293394, 0.886517, -0.461764, -0.674889, 1.48454, 0.0022154)
disable_mode = 2
joint_type = 1
joint_offset = Transform3D(1, 0, 0, 0, 1, 0, 0, 0, 1, 4.69133e-05, 6.17196e-06, 0.0120498)
body_offset = Transform3D(1, 1.13621e-07, 4.57559e-06, 4.07547e-06, -3.24845e-06, -1, -3.53903e-08, 1, -2.71201e-06, -4.69685e-05, 0.0120499, -6.13928e-06)
bone_name = "FingerThumb.R"
joint_constraints/bias = 0.3
joint_constraints/damping = 1.0
joint_constraints/impulse_clamp = 0.0

[node name="Physical Bone FingerThumb01_R" type="PhysicalBone3D" parent="ManCasual3Armature/Skeleton3D" index="34"]
transform = Transform3D(-0.292768, -0.0841545, 0.952473, 0.0693408, 0.991625, 0.108928, -0.953666, 0.0979358, -0.28448, -0.694737, 1.48262, 0.010544)
disable_mode = 2
joint_type = 1
joint_offset = Transform3D(1, 0, 0, 0, 1, 0, 0, 0, 1, 7.73133e-07, 5.3598e-06, 0.00961221)
body_offset = Transform3D(1, -2.01166e-07, -2.92063e-06, -1.43051e-06, -1.21277e-05, -0.999999, 0, 0.999996, -1.19191e-05, -7.45058e-07, 0.0096122, -5.24521e-06)
bone_name = "FingerThumb01.R"
joint_constraints/bias = 0.3
joint_constraints/damping = 1.0
joint_constraints/impulse_clamp = 0.0

[node name="Physical Bone UpperLeg_L" type="PhysicalBone3D" parent="ManCasual3Armature/Skeleton3D" index="35"]
transform = Transform3D(0.000144741, -1.00067, 0.0330872, -0.0202559, 0.0331179, 0.999248, -0.999854, -0.000819601, -0.0202388, 0.0770993, 0.727225, -0.00860445)
disable_mode = 2
joint_type = 1
joint_offset = Transform3D(1, 0, 0, 0, 1, 0, 0, 0, 1, -9.88621e-07, 2.27884e-07, 0.206669)
body_offset = Transform3D(1.00006, 3.61557e-06, -1.86265e-09, -2.04891e-08, -2.37491e-07, -1, -9.42964e-09, 1.00123, 1.35733e-08, 9.89065e-07, 0.206669, -2.30968e-07)
bone_name = "UpperLeg.L"
joint_constraints/bias = 0.3
joint_constraints/damping = 1.0
joint_constraints/impulse_clamp = 0.0

[node name="CollisionShape3D" type="CollisionShape3D" parent="ManCasual3Armature/Skeleton3D/Physical Bone UpperLeg_L" index="0"]
transform = Transform3D(1, 0, 0, 0, 0, 1, 0, -1, 0, 0, 0, 0)
shape = SubResource("CapsuleShape3D_mdakc")

[node name="Physical Bone LowerLeg_L" type="PhysicalBone3D" parent="ManCasual3Armature/Skeleton3D" index="36"]
transform = Transform3D(0.999445, 0.00168056, 0.0329414, -0.0329822, 0.0465045, 0.998374, 0.000146139, -0.998916, 0.0465348, 0.0637011, 0.321888, -0.0136887)
disable_mode = 2
joint_type = 1
joint_offset = Transform3D(1, 0, 0, 0, 1, 0, 0, 0, 1, -3.17492e-07, -1.87906e-07, 0.199154)
body_offset = Transform3D(1, 5.67816e-08, 1.38844e-06, -5.59521e-09, 7.45058e-09, -1, -1.3315e-08, 1, -1.78814e-07, 4.09782e-08, 0.199154, 2.23517e-07)
bone_name = "LowerLeg.L"
joint_constraints/bias = 0.3
joint_constraints/damping = 1.0
joint_constraints/impulse_clamp = 0.0

[node name="CollisionShape3D" type="CollisionShape3D" parent="ManCasual3Armature/Skeleton3D/Physical Bone LowerLeg_L" index="0"]
transform = Transform3D(1, 0, 0, 0, 0, 1, 0, -1, 0, 0, 0, 0)
shape = SubResource("CapsuleShape3D_n512a")

[node name="Physical Bone Foot_L" type="PhysicalBone3D" parent="ManCasual3Armature/Skeleton3D" index="37"]
transform = Transform3D(-0.998299, 0.00145747, 0.00341608, 0.00369729, 0.394457, 0.91889, 1.21391e-06, 0.918913, -0.394448, 0.0568324, 0.0790662, -0.00405282)
disable_mode = 2
joint_type = 1
joint_offset = Transform3D(1, 0, 0, 0, 1, 0, 0, 0, 1, -0.00014536, -1.49295e-05, 0.0478876)
body_offset = Transform3D(0.998316, -9.54969e-12, -8.09272e-06, 4.76776e-06, 0, -0.999979, 4.99256e-06, 1, 3.8743e-06, 0.000145502, 0.0478867, 1.47447e-05)
bone_name = "Foot.L"
joint_constraints/bias = 0.3
joint_constraints/damping = 1.0
joint_constraints/impulse_clamp = 0.0

[node name="CollisionShape3D" type="CollisionShape3D" parent="ManCasual3Armature/Skeleton3D/Physical Bone Foot_L" index="0"]
transform = Transform3D(1, 0, 0, 0, 0, 1, 0, -1, 0, 0, 0, 0)
shape = SubResource("CapsuleShape3D_wd203")

[node name="Physical Bone UpperLeg_R" type="PhysicalBone3D" parent="ManCasual3Armature/Skeleton3D" index="38"]
transform = Transform3D(0.00012727, 0.999454, -0.0330573, 0.0202865, 0.0330453, 0.999247, 0.999794, -0.000803761, -0.0202709, -0.0771059, 0.727188, -0.00859709)
disable_mode = 2
joint_type = 1
joint_offset = Transform3D(1, 0, 0, 0, 1, 0, 0, 0, 1, 1.02732e-06, 1.82781e-06, 0.206706)
body_offset = Transform3D(1, 0, 5.17815e-07, 2.58908e-07, -2.71029e-09, -0.999999, -5.95616e-06, 1, -2.49873e-06, -1.13435e-06, 0.206706, -1.3113e-06)
bone_name = "UpperLeg.R"
joint_constraints/bias = 0.3
joint_constraints/damping = 1.0
joint_constraints/impulse_clamp = 0.0

[node name="CollisionShape3D" type="CollisionShape3D" parent="ManCasual3Armature/Skeleton3D/Physical Bone UpperLeg_R" index="0"]
transform = Transform3D(1, 0, 0, 0, 0, 1, 0, -1, 0, 0, 0, 0)
shape = SubResource("CapsuleShape3D_6kpik")

[node name="Physical Bone LowerLeg_R" type="PhysicalBone3D" parent="ManCasual3Armature/Skeleton3D" index="39"]
transform = Transform3D(0.999458, -0.00166651, -0.0329092, 0.0329565, 0.0464731, 0.99844, -0.000127706, -0.998946, 0.0465069, -0.0637193, 0.321832, -0.0136705)
disable_mode = 2
joint_type = 1
joint_offset = Transform3D(1, 0, 0, 0, 1, 0, 0, 0, 1, 4.57111e-08, 8.60576e-07, 0.199197)
body_offset = Transform3D(1, 9.60426e-09, 2.01471e-06, -5.82599e-06, -3.53903e-07, -1.00006, -6.52492e-06, 1.00003, -2.71201e-06, -4.47035e-07, 0.19921, -3.20375e-07)
bone_name = "LowerLeg.R"
joint_constraints/bias = 0.3
joint_constraints/damping = 1.0
joint_constraints/impulse_clamp = 0.0

[node name="CollisionShape3D" type="CollisionShape3D" parent="ManCasual3Armature/Skeleton3D/Physical Bone LowerLeg_R" index="0"]
transform = Transform3D(1, 0, 0, 0, 0, 1, 0, -1, 0, 0, 0, 0)
shape = SubResource("CapsuleShape3D_6bt5h")

[node name="Physical Bone Foot_R" type="PhysicalBone3D" parent="ManCasual3Armature/Skeleton3D" index="40"]
transform = Transform3D(-1, -0.00146467, -0.00337019, -0.00366592, 0.394488, 0.918894, -2.00605e-05, 0.9189, -0.394491, -0.0569909, 0.0790691, -0.00405002)
disable_mode = 2
joint_type = 1
joint_offset = Transform3D(1, 0, 0, 0, 1, 0, 0, 0, 1, 1.46323e-05, 7.06172e-06, 0.0478729)
body_offset = Transform3D(1.00001, 4.77485e-10, 1.0727e-08, -9.56673e-06, 2.08616e-07, -1, 3.08028e-08, 1, 2.98023e-08, -1.46329e-05, 0.0478729, -7.06315e-06)
bone_name = "Foot.R"
joint_constraints/bias = 0.3
joint_constraints/damping = 1.0
joint_constraints/impulse_clamp = 0.0

[node name="CollisionShape3D" type="CollisionShape3D" parent="ManCasual3Armature/Skeleton3D/Physical Bone Foot_R" index="0"]
transform = Transform3D(1, 0, 0, 0, 0, 1, 0, -1, 0, 0, 0, 0)
shape = SubResource("CapsuleShape3D_bu4a1")
