[gd_scene load_steps=22 format=3 uid="uid://58km2s5urj3l"]

[ext_resource type="PackedScene" uid="uid://38sn6sehdlip" path="res://scenes/jerry.glb" id="1_sqou7"]

[sub_resource type="CapsuleShape3D" id="CapsuleShape3D_wjnor"]
radius = 0.0105605
height = 0.105605

[sub_resource type="CapsuleShape3D" id="CapsuleShape3D_hpg5g"]
radius = 0.0196406
height = 0.196406

[sub_resource type="CapsuleShape3D" id="CapsuleShape3D_pqiw0"]
radius = 0.0147528
height = 0.147528

[sub_resource type="CapsuleShape3D" id="CapsuleShape3D_qqqct"]
radius = 0.0147096
height = 0.147096

[sub_resource type="CapsuleShape3D" id="CapsuleShape3D_8xs78"]
radius = 0.0162285
height = 0.162285

[sub_resource type="CapsuleShape3D" id="CapsuleShape3D_8c63d"]
radius = 0.0276163
height = 0.276163

[sub_resource type="CapsuleShape3D" id="CapsuleShape3D_b4ixk"]
radius = 0.0178604
height = 0.178604

[sub_resource type="CapsuleShape3D" id="CapsuleShape3D_4e2bm"]
radius = 0.00999657
height = 0.0999657

[sub_resource type="CapsuleShape3D" id="CapsuleShape3D_n63yl"]
radius = 0.00962626
height = 0.0962626

[sub_resource type="CapsuleShape3D" id="CapsuleShape3D_bevim"]
radius = 0.0147956
height = 0.147956

[sub_resource type="CapsuleShape3D" id="CapsuleShape3D_qkfnh"]
radius = 0.0162285
height = 0.162285

[sub_resource type="CapsuleShape3D" id="CapsuleShape3D_tm2fe"]
radius = 0.0276163
height = 0.276163

[sub_resource type="CapsuleShape3D" id="CapsuleShape3D_4youo"]
radius = 0.0178604
height = 0.178604

[sub_resource type="CapsuleShape3D" id="CapsuleShape3D_m4hmx"]
radius = 0.00999654
height = 0.0999654

[sub_resource type="CapsuleShape3D" id="CapsuleShape3D_mdakc"]
radius = 0.041333
height = 0.41333

[sub_resource type="CapsuleShape3D" id="CapsuleShape3D_n512a"]
radius = 0.0398303
height = 0.398303

[sub_resource type="CapsuleShape3D" id="CapsuleShape3D_wd203"]
radius = 0.00957561
height = 0.0957561

[sub_resource type="CapsuleShape3D" id="CapsuleShape3D_6kpik"]
radius = 0.041333
height = 0.41333

[sub_resource type="CapsuleShape3D" id="CapsuleShape3D_6bt5h"]
radius = 0.0398303
height = 0.398303

[sub_resource type="CapsuleShape3D" id="CapsuleShape3D_bu4a1"]
radius = 0.0095756
height = 0.095756

[node name="jerry" instance=ExtResource("1_sqou7")]

[node name="Skeleton3D" parent="ManCasual3Armature" index="0"]
transform = Transform3D(1, 0, 0, 0, 1, 0, 0, 0, 1, -0.100103, 0.239831, 0)
motion_scale = 1.179
animate_physical_bones = false
bones/0/rotation = Quaternion(0.0620714, 1.1898e-07, 7.39945e-09, 0.998072)
bones/1/rotation = Quaternion(-0.0401697, 1.33487e-13, -9.57721e-09, 0.999193)
bones/1/scale = Vector3(1, 1, 1)
bones/2/rotation = Quaternion(-0.0592715, 2.9238e-11, -1.4103e-08, 0.998242)
bones/3/rotation = Quaternion(-0.13476, 1.81534e-12, -3.21358e-08, 0.990878)
bones/4/rotation = Quaternion(0.525291, 0.267754, 0.654453, -0.47336)
bones/4/scale = Vector3(1, 1, 1)
bones/5/rotation = Quaternion(0.218697, -0.00128335, 0.0133872, 0.9757)
bones/5/scale = Vector3(1, 1, 1)
bones/6/rotation = Quaternion(0.0144209, -0.00121044, -0.0397277, 0.999106)
bones/6/scale = Vector3(1, 1, 1)
bones/7/rotation = Quaternion(-0.00771867, -0.00109092, 0.0511808, 0.998659)
bones/7/scale = Vector3(1, 1, 1)
bones/8/rotation = Quaternion(0.0023442, 0.705466, 0.0131703, 0.708617)
bones/8/scale = Vector3(1, 1, 1)
bones/9/rotation = Quaternion(-0.0790837, -0.694323, -0.10824, 0.707068)
bones/9/scale = Vector3(1, 1, 1)
bones/10/rotation = Quaternion(-0.205162, 0.0685118, -0.0141748, 0.976224)
bones/11/rotation = Quaternion(-0.0061257, 0.705024, 0.000233032, 0.709157)
bones/12/rotation = Quaternion(-0.130478, -0.682703, -0.173446, 0.697717)
bones/13/rotation = Quaternion(-0.0968712, 0.00478449, -0.0205991, 0.995072)
bones/13/scale = Vector3(1, 1, 1)
bones/14/rotation = Quaternion(-0.0348442, 0.705535, -0.0545195, 0.705715)
bones/15/rotation = Quaternion(-0.117434, -0.691653, -0.136168, 0.699488)
bones/15/scale = Vector3(1, 1, 1)
bones/16/rotation = Quaternion(0.0232256, 0.00418126, -0.0128603, 0.999639)
bones/16/scale = Vector3(1, 1, 1)
bones/17/rotation = Quaternion(0.0217781, 0.704675, -0.0296252, 0.708577)
bones/18/rotation = Quaternion(-0.138149, -0.693349, -0.12599, 0.695923)
bones/19/rotation = Quaternion(-0.0732313, 0.00455568, -0.0233742, 0.997031)
bones/20/rotation = Quaternion(0.157053, 0.686795, -0.21358, 0.67678)
bones/20/scale = Vector3(1, 1, 1)
bones/21/rotation = Quaternion(-0.0808012, -0.682944, 0.0528122, 0.724065)
bones/22/rotation = Quaternion(-0.0582937, 0.0160858, 0.0728075, 0.995511)
bones/22/scale = Vector3(1, 1, 1)
bones/23/rotation = Quaternion(0.290372, -1.3885e-10, 6.90514e-08, 0.956914)
bones/24/rotation = Quaternion(-0.0950814, 1.58372e-10, -2.25223e-08, 0.99547)
bones/25/rotation = Quaternion(-0.616793, -0.381923, -0.471236, 0.501636)
bones/25/scale = Vector3(1, 1, 1)
bones/26/rotation = Quaternion(-0.616793, -0.381923, -0.471236, 0.501636)
bones/27/rotation = Quaternion(-0.616793, 0.381922, 0.471236, 0.501636)
bones/27/scale = Vector3(1, 1, 1)
bones/29/scale = Vector3(1, 1, 1)
bones/30/rotation = Quaternion(0.218698, 0.00128203, -0.0133871, 0.9757)
bones/30/scale = Vector3(1, 1, 1)
bones/31/scale = Vector3(1, 1, 1)
bones/32/rotation = Quaternion(-0.00771866, 0.0010909, -0.0511807, 0.998659)
bones/32/scale = Vector3(1, 1, 1)
bones/33/rotation = Quaternion(0.0023442, -0.705466, -0.0131704, 0.708617)
bones/33/scale = Vector3(1, 1, 1)
bones/34/rotation = Quaternion(-0.0790767, 0.694319, 0.108235, 0.707074)
bones/34/scale = Vector3(1, 1, 1)
bones/35/rotation = Quaternion(-0.205179, -0.0684953, 0.0141757, 0.976222)
bones/35/scale = Vector3(1, 1, 1)
bones/36/rotation = Quaternion(-0.0061275, -0.705022, -0.000230893, 0.709159)
bones/36/scale = Vector3(1, 1, 1)
bones/38/rotation = Quaternion(-0.0968777, -0.00477813, 0.0206003, 0.995072)
bones/38/scale = Vector3(1, 1, 1)
bones/39/rotation = Quaternion(-0.0348444, -0.705535, 0.0545196, 0.705715)
bones/40/scale = Vector3(1, 1, 1)
bones/41/rotation = Quaternion(0.0232307, -0.00418664, 0.0128598, 0.999639)
bones/42/rotation = Quaternion(0.021778, -0.704675, 0.0296252, 0.708577)
bones/42/scale = Vector3(1, 1, 1)
bones/44/rotation = Quaternion(-0.0732228, -0.0045649, 0.0233731, 0.997031)
bones/45/rotation = Quaternion(0.157055, -0.686797, 0.213577, 0.676778)
bones/45/scale = Vector3(1, 1, 1)
bones/46/rotation = Quaternion(-0.0808081, 0.682956, -0.0528035, 0.724053)
bones/47/rotation = Quaternion(-0.0582809, -0.0161011, -0.0728091, 0.995511)
bones/47/scale = Vector3(1, 1, 1)
bones/48/rotation = Quaternion(0.706062, -0.0626942, -0.704271, 0.0393632)
bones/48/scale = Vector3(0.999999, 1, 0.999989)
bones/49/rotation = Quaternion(0.0235796, 0.706476, -0.0236405, 0.706949)
bones/50/rotation = Quaternion(0.014418, 0.974463, -0.224071, -0.00254409)
bones/50/scale = Vector3(1, 1, 1)
bones/51/rotation = Quaternion(0.471297, -0.000522418, -0.000777259, 0.881974)
bones/51/scale = Vector3(1, 1, 1)
bones/52/rotation = Quaternion(0.706056, 0.0626945, 0.704275, 0.0393858)
bones/53/rotation = Quaternion(0.0235795, -0.706475, 0.02364, 0.70695)
bones/54/rotation = Quaternion(-0.0144188, 0.974463, -0.224071, 0.00253968)
bones/55/rotation = Quaternion(0.471297, 0.000522867, 0.00077745, 0.881974)

[node name="Physical Bone Hips" type="PhysicalBone3D" parent="ManCasual3Armature/Skeleton3D" index="1"]
transform = Transform3D(1, -3.72324e-12, -9.4369e-14, 2.62901e-13, -0.118394, -0.992967, -2.75691e-12, 0.992967, -0.118394, 2.83122e-07, 1.03006, 0.0062496)
disable_mode = 2
axis_lock_linear_x = true
axis_lock_linear_y = true
axis_lock_linear_z = true
joint_offset = Transform3D(1, 0, 0, 0, 1, 0, 0, 0, 1, -2.83052e-07, -4.97908e-07, 0.0527864)
body_offset = Transform3D(1, -2.38419e-07, -1.32336e-09, 6.32656e-15, 0.00555053, -0.999985, 2.38416e-07, 0.999985, 0.00555053, 2.83122e-07, 0.0527856, -0.000292495)
bone_name = "Hips"

[node name="CollisionShape3D" type="CollisionShape3D" parent="ManCasual3Armature/Skeleton3D/Physical Bone Hips" index="0"]
transform = Transform3D(1, 0, 0, 0, 0, 1, 0, -1, 0, 0, 0, 0)
shape = SubResource("CapsuleShape3D_wjnor")

[node name="Physical Bone Spine" type="PhysicalBone3D" parent="ManCasual3Armature/Skeleton3D" index="2"]
transform = Transform3D(1, 2.38419e-07, -2.06058e-13, 1.04584e-08, -0.0438475, -0.999038, -2.38278e-07, 0.999038, -0.043848, -0.000357017, 1.18059, 0.0168066)
disable_mode = 2
axis_lock_linear_x = true
axis_lock_linear_y = true
axis_lock_linear_z = true
joint_type = 1
joint_offset = Transform3D(1, 0, 0, 0, 1, 0, 0, 0, 1, 0.000357017, 7.60675e-07, 0.0981771)
body_offset = Transform3D(1, 1.56319e-13, -3.19744e-14, 5.0715e-13, 5.21541e-08, -1, -8.84626e-11, 1, -4.24683e-07, -0.000357017, 0.0981771, -7.18981e-07)
bone_name = "Spine"
joint_constraints/bias = 0.3
joint_constraints/damping = 1.0
joint_constraints/impulse_clamp = 0.0

[node name="CollisionShape3D" type="CollisionShape3D" parent="ManCasual3Armature/Skeleton3D/Physical Bone Spine" index="0"]
transform = Transform3D(1, 0, 0, 0, 0, 1, 0, -1, 0, 0, 0, 0)
shape = SubResource("CapsuleShape3D_hpg5g")

[node name="Physical Bone Chest" type="PhysicalBone3D" parent="ManCasual3Armature/Skeleton3D" index="3"]
transform = Transform3D(1, 2.38474e-07, 6.03003e-11, -1.77495e-08, 0.0746812, -0.997207, -2.37813e-07, 0.997208, 0.0746822, 0.000356957, 1.35231, 0.0156043)
disable_mode = 2
axis_lock_linear_x = true
axis_lock_linear_y = true
axis_lock_linear_z = true
joint_type = 1
joint_offset = Transform3D(1, 0, 0, 0, 1, 0, 0, 0, 1, -0.000356957, -1.20067e-06, 0.0737957)
body_offset = Transform3D(1, 0, -1.74083e-13, -2.30926e-14, -1.56462e-07, -1, -4.26326e-14, 1, 9.23872e-07, 0.000356957, 0.0737957, 1.13249e-06)
bone_name = "Chest"
joint_constraints/bias = 0.3
joint_constraints/damping = 1.0
joint_constraints/impulse_clamp = 0.0

[node name="CollisionShape3D" type="CollisionShape3D" parent="ManCasual3Armature/Skeleton3D/Physical Bone Chest" index="0"]
transform = Transform3D(1, 0, 0, 0, 0, 1, 0, -1, 0, 0, 0, 0)
shape = SubResource("CapsuleShape3D_pqiw0")

[node name="Physical Bone UpperChest" type="PhysicalBone3D" parent="ManCasual3Armature/Skeleton3D" index="4"]
transform = Transform3D(1, 2.37703e-07, 1.01906e-08, -7.07334e-08, 0.338285, -0.941046, -2.27974e-07, 0.941045, 0.338286, -0.000358284, 1.49505, -0.0147822)
disable_mode = 2
axis_lock_linear_x = true
axis_lock_linear_y = true
axis_lock_linear_z = true
joint_type = 1
joint_offset = Transform3D(1, 0, 0, 0, 1, 0, 0, 0, 1, 0.000358283, -1.00409e-06, 0.0735471)
body_offset = Transform3D(1, -7.58959e-10, 1.013e-08, 1.04964e-08, 3.27826e-07, -1, 1.13687e-13, 1, 6.85453e-07, -0.000358284, 0.0735474, 9.53674e-07)
bone_name = "UpperChest"
joint_constraints/bias = 0.3
joint_constraints/damping = 1.0
joint_constraints/impulse_clamp = 0.0

[node name="CollisionShape3D" type="CollisionShape3D" parent="ManCasual3Armature/Skeleton3D/Physical Bone UpperChest" index="0"]
transform = Transform3D(1, 0, 0, 0, 0, 1, 0, -1, 0, 0, 0, 0)
shape = SubResource("CapsuleShape3D_qqqct")

[node name="Physical Bone Shoulder_L" type="PhysicalBone3D" parent="ManCasual3Armature/Skeleton3D" index="5"]
transform = Transform3D(-5.95761e-07, 0.434067, -0.900881, -1.31818e-06, 0.90088, 0.434067, 1, 1.46031e-06, 1.53009e-08, 0.0731005, 1.52904, -0.0396634)
disable_mode = 2
axis_lock_linear_x = true
axis_lock_linear_y = true
axis_lock_linear_z = true
joint_type = 1
joint_offset = Transform3D(1, 0, 0, 0, 1, 0, 0, 0, 1, -1.14042e-08, 5.61476e-07, 0.0811436)
body_offset = Transform3D(1, 8.94064e-08, -8.90059e-08, 2.87885e-08, -8.64267e-07, -1, -2.68484e-08, 1, -1.04308e-06, 1.86265e-08, 0.0811437, -4.76837e-07)
bone_name = "Shoulder.L"
joint_constraints/bias = 0.3
joint_constraints/damping = 1.0
joint_constraints/impulse_clamp = 0.0

[node name="CollisionShape3D" type="CollisionShape3D" parent="ManCasual3Armature/Skeleton3D/Physical Bone Shoulder_L" index="0"]
transform = Transform3D(1, 0, 0, 0, 0, 1, 0, -1, 0, 0, 0, 0)
shape = SubResource("CapsuleShape3D_8xs78")

[node name="Physical Bone UpperArm_L" type="PhysicalBone3D" parent="ManCasual3Armature/Skeleton3D" index="6"]
transform = Transform3D(0.026653, 0.00805081, -0.999612, -0.00356552, 0.999961, 0.007979, 0.999588, 0.00335221, 0.0266777, 0.284219, 1.49244, -0.0433447)
disable_mode = 2
axis_lock_linear_x = true
axis_lock_linear_y = true
axis_lock_linear_z = true
joint_type = 1
joint_offset = Transform3D(1, 0, 0, 0, 1, 0, 0, 0, 1, -3.17961e-06, 0.000270466, 0.138075)
body_offset = Transform3D(0.99995, -1.70665e-07, -6.94767e-06, -2.3935e-06, 4.00163e-07, -1, 1.93249e-07, 1, 2.08665e-05, 4.1388e-06, 0.138075, -0.000273347)
bone_name = "UpperArm.L"
joint_constraints/bias = 0.3
joint_constraints/damping = 1.0
joint_constraints/impulse_clamp = 0.0

[node name="CollisionShape3D" type="CollisionShape3D" parent="ManCasual3Armature/Skeleton3D/Physical Bone UpperArm_L" index="0"]
transform = Transform3D(1, 0, 0, 0, 0, 1, 0, -1, 0, 0, 0, 0)
shape = SubResource("CapsuleShape3D_8c63d")

[node name="Physical Bone LowerArm_L" type="PhysicalBone3D" parent="ManCasual3Armature/Skeleton3D" index="7"]
transform = Transform3D(-0.0528068, -0.0207584, -0.998409, -0.00164984, 0.999924, -0.0206989, 0.998625, 0.000563036, -0.0528283, 0.511431, 1.49346, -0.0423129)
disable_mode = 2
axis_lock_linear_x = true
axis_lock_linear_y = true
axis_lock_linear_z = true
joint_type = 1
joint_offset = Transform3D(1, 0, 0, 0, 1, 0, 0, 0, 1, -1.30469e-06, 3.82834e-06, 0.089318)
body_offset = Transform3D(1.00002, 8.75583e-06, 1.17719e-06, -7.45058e-09, 1.54578e-06, -1.00002, -2.75322e-08, 1.00014, -1.58774e-07, 1.19954e-06, 0.0893198, -3.8147e-06)
bone_name = "LowerArm.L"
joint_constraints/bias = 0.3
joint_constraints/damping = 1.0
joint_constraints/impulse_clamp = 0.0

[node name="CollisionShape3D" type="CollisionShape3D" parent="ManCasual3Armature/Skeleton3D/Physical Bone LowerArm_L" index="0"]
transform = Transform3D(1, 0, 0, 0, 0, 1, 0, -1, 0, 0, 0, 0)
shape = SubResource("CapsuleShape3D_b4ixk")

[node name="Physical Bone Hand_L" type="PhysicalBone3D" parent="ManCasual3Armature/Skeleton3D" index="8"]
transform = Transform3D(-0.00199621, 0.270993, -0.966143, -0.996342, -0.140912, -0.0373889, -0.145507, 0.958363, 0.268585, 0.648866, 1.50017, -0.0509672)
disable_mode = 2
axis_lock_linear_x = true
axis_lock_linear_y = true
axis_lock_linear_z = true
joint_type = 1
joint_offset = Transform3D(1, 0, 0, 0, 1, 0, 0, 0, 1, 0.00294115, 0.000361412, 0.0500824)
body_offset = Transform3D(-0.147284, 0.970342, 0.220343, 9.90927e-07, 0.222454, -0.978442, -0.996083, -0.143886, -0.0326817, -0.0109528, 0.0489223, 0.00461841)
bone_name = "Hand.L"
joint_constraints/bias = 0.3
joint_constraints/damping = 1.0
joint_constraints/impulse_clamp = 0.0

[node name="CollisionShape3D" type="CollisionShape3D" parent="ManCasual3Armature/Skeleton3D/Physical Bone Hand_L" index="0"]
transform = Transform3D(1, 0, 0, 0, 0, 1, 0, -1, 0, 0, 0, 0)
shape = SubResource("CapsuleShape3D_4e2bm")

[node name="Physical Bone FingerLittle_L" type="PhysicalBone3D" parent="ManCasual3Armature/Skeleton3D" index="9"]
transform = Transform3D(0.0274777, 0.0648138, -0.997536, -0.999621, 0.00657893, -0.027109, 0.0047961, 0.99903, 0.0648861, 0.707591, 1.49935, -0.0650374)
disable_mode = 2
axis_lock_linear_x = true
axis_lock_linear_y = true
axis_lock_linear_z = true
joint_type = 1
joint_offset = Transform3D(1, 0, 0, 0, 1, 0, 0, 0, 1, 2.18945e-05, 6.71708e-07, 0.0107954)
body_offset = Transform3D(1.00001, -3.89339e-06, 3.68236e-06, 3.7904e-06, 1.02744e-05, -1.00001, -1.47149e-07, 1.00115, 8.56817e-07, -2.19345e-05, 0.0107955, -6.81728e-07)
bone_name = "FingerLittle.L"
joint_constraints/bias = 0.3
joint_constraints/damping = 1.0
joint_constraints/impulse_clamp = 0.0

[node name="Physical Bone FingerLittle01_L" type="PhysicalBone3D" parent="ManCasual3Armature/Skeleton3D" index="10"]
transform = Transform3D(0.0218649, 0.236494, -0.971386, -0.00700546, 0.971631, 0.236396, 0.999736, 0.00163622, 0.0229014, 0.728368, 1.49719, -0.0659934)
disable_mode = 2
axis_lock_linear_x = true
axis_lock_linear_y = true
axis_lock_linear_z = true
joint_type = 1
joint_offset = Transform3D(1, 0, 0, 0, 1, 0, 0, 0, 1, 1.7256e-05, 1.29115e-05, 0.0102304)
body_offset = Transform3D(1, -7.67177e-08, -4.47035e-08, 6.14673e-08, -3.57145e-06, -1, 9.60426e-08, 1, -3.60999e-06, -1.72555e-05, 0.0102305, -1.28746e-05)
bone_name = "FingerLittle01.L"
joint_constraints/bias = 0.3
joint_constraints/damping = 1.0
joint_constraints/impulse_clamp = 0.0

[node name="Physical Bone FingerRing_L" type="PhysicalBone3D" parent="ManCasual3Armature/Skeleton3D" index="11"]
transform = Transform3D(-0.00270873, 0.0586753, -1.0005, -1.00521, 0.00778639, 0.00315054, 0.0079109, 1.00185, 0.058606, 0.714602, 1.50067, -0.0478717)
disable_mode = 2
axis_lock_linear_x = true
axis_lock_linear_y = true
axis_lock_linear_z = true
joint_type = 1
joint_offset = Transform3D(1, 0, 0, 0, 1, 0, 0, 0, 1, -2.98557e-06, -6.45249e-07, 0.0106219)
body_offset = Transform3D(1.00524, -4.06634e-05, 1.97423e-06, -4.75699e-06, -2.60063e-05, -1.00222, -1.93594e-05, 1.0036, 8.00192e-06, 2.98023e-06, 0.0106455, 5.62519e-07)
bone_name = "FingerRing.L"
joint_constraints/bias = 0.3
joint_constraints/damping = 1.0
joint_constraints/impulse_clamp = 0.0

[node name="Physical Bone FingerRing01_L" type="PhysicalBone3D" parent="ManCasual3Armature/Skeleton3D" index="12"]
transform = Transform3D(-0.0054083, 0.422586, -0.906299, 0.000238576, 0.906289, 0.422592, 0.997969, 0.0020759, -0.00500241, 0.736423, 1.49546, -0.048434)
disable_mode = 2
axis_lock_linear_x = true
axis_lock_linear_y = true
axis_lock_linear_z = true
joint_type = 1
joint_offset = Transform3D(1, 0, 0, 0, 1, 0, 0, 0, 1, -1.76222e-06, -1.28125e-05, 0.0122946)
body_offset = Transform3D(0.997984, 3.40166e-07, 7.60239e-06, -2.35252e-06, 3.15873e-06, -0.999993, 2.1453e-06, 0.999972, -5.07847e-06, 1.6652e-06, 0.0122945, 1.28746e-05)
bone_name = "FingerRing01.L"
joint_constraints/bias = 0.3
joint_constraints/damping = 1.0
joint_constraints/impulse_clamp = 0.0

[node name="Physical Bone FingerMiddle_L" type="PhysicalBone3D" parent="ManCasual3Armature/Skeleton3D" index="13"]
transform = Transform3D(-0.120757, 0.0217727, -0.992444, -0.99267, 0.00373045, 0.120865, 0.00633399, 0.999756, 0.0211624, 0.717825, 1.49883, -0.031708)
disable_mode = 2
axis_lock_linear_x = true
axis_lock_linear_y = true
axis_lock_linear_z = true
joint_type = 1
joint_offset = Transform3D(1, 0, 0, 0, 1, 0, 0, 0, 1, -1.50913e-05, -1.83994e-06, 0.0145259)
body_offset = Transform3D(1.00001, 3.21306e-08, 4.89355e-06, 6.04326e-06, -2.79397e-08, -1, 7.59028e-08, 1, -1.52737e-07, 1.50204e-05, 0.0145259, 1.84216e-06)
bone_name = "FingerMiddle.L"
joint_constraints/bias = 0.3
joint_constraints/damping = 1.0
joint_constraints/impulse_clamp = 0.0

[node name="Physical Bone FingerMiddle01_L" type="PhysicalBone3D" parent="ManCasual3Armature/Skeleton3D" index="14"]
transform = Transform3D(-0.00681523, 0.463308, -0.886171, 0.00101606, 0.886194, 0.463313, 0.999976, 0.00225714, -0.00651466, 0.74062, 1.49271, -0.0319562)
disable_mode = 2
axis_lock_linear_x = true
axis_lock_linear_y = true
axis_lock_linear_z = true
joint_type = 1
joint_offset = Transform3D(1, 0, 0, 0, 1, 0, 0, 0, 1, 5.34619e-07, 2.78535e-06, 0.00946031)
body_offset = Transform3D(1, 4.44707e-08, -4.53275e-06, -1.32713e-07, -5.00483e-06, -1, 1.5134e-08, 1, -4.60207e-06, -4.91738e-07, 0.00946032, -2.74181e-06)
bone_name = "FingerMiddle01.L"
joint_constraints/bias = 0.3
joint_constraints/damping = 1.0
joint_constraints/impulse_clamp = 0.0

[node name="Physical Bone FingerIndex_L" type="PhysicalBone3D" parent="ManCasual3Armature/Skeleton3D" index="15"]
transform = Transform3D(-0.00571324, -0.0231714, -0.999895, -0.999957, 0.00739816, 0.00554369, 0.0072668, 0.999832, -0.023214, 0.714592, 1.49924, -0.0147821)
disable_mode = 2
axis_lock_linear_x = true
axis_lock_linear_y = true
axis_lock_linear_z = true
joint_type = 1
joint_offset = Transform3D(1, 0, 0, 0, 1, 0, 0, 0, 1, 0.000815331, -9.41914e-06, 0.00991397)
body_offset = Transform3D(1, 1.1269e-07, -5.89939e-06, -6.37893e-06, 8.13976e-07, -1.00018, 2.37487e-08, 1.00013, 6.57514e-07, -0.000815272, 0.00991577, 9.41381e-06)
bone_name = "FingerIndex.L"
joint_constraints/bias = 0.3
joint_constraints/damping = 1.0
joint_constraints/impulse_clamp = 0.0

[node name="Physical Bone FingerIndex01_L" type="PhysicalBone3D" parent="ManCasual3Armature/Skeleton3D" index="16"]
transform = Transform3D(-0.00699919, 0.372689, -0.928158, 0.000520481, 0.928263, 0.37227, 0.999975, 0.00212782, -0.00668761, 0.731751, 1.49563, -0.014489)
disable_mode = 2
axis_lock_linear_x = true
axis_lock_linear_y = true
axis_lock_linear_z = true
joint_type = 1
joint_offset = Transform3D(1, 0, 0, 0, 1, 0, 0, 0, 1, -7.34673e-06, 6.2979e-07, 0.00735114)
body_offset = Transform3D(1, 1.87522e-06, -6.97561e-07, -3.22377e-06, 0.000424159, -1.00005, 5.65313e-07, 1.00029, 6.02514e-05, 7.35186e-06, 0.00735153, -1.07288e-06)
bone_name = "FingerIndex01.L"
joint_constraints/bias = 0.3
joint_constraints/damping = 1.0
joint_constraints/impulse_clamp = 0.0

[node name="Physical Bone FingerThumb_L" type="PhysicalBone3D" parent="ManCasual3Armature/Skeleton3D" index="17"]
transform = Transform3D(-0.0696974, -0.46267, -0.883833, -0.997147, 0.00625551, 0.0753653, -0.0293369, 0.886566, -0.461801, 0.674911, 1.4846, 0.00222714)
disable_mode = 2
axis_lock_linear_x = true
axis_lock_linear_y = true
axis_lock_linear_z = true
joint_type = 1
joint_offset = Transform3D(1, 0, 0, 0, 1, 0, 0, 0, 1, 1.54805e-05, 5.54116e-06, 0.0120699)
body_offset = Transform3D(1.00001, 1.88127e-07, -8.50298e-06, -6.92625e-06, 5.03659e-06, -1.00005, -9.49949e-08, 1.00005, -1.71363e-05, -1.5378e-05, 0.0120705, -5.33462e-06)
bone_name = "FingerThumb.L"
joint_constraints/bias = 0.3
joint_constraints/damping = 1.0
joint_constraints/impulse_clamp = 0.0

[node name="Physical Bone FingerThumb01_L" type="PhysicalBone3D" parent="ManCasual3Armature/Skeleton3D" index="18"]
transform = Transform3D(-0.292769, 0.0841325, -0.952474, -0.0693667, 0.991628, 0.108912, 0.953662, 0.0979562, -0.284482, 0.69474, 1.48264, 0.010545)
disable_mode = 2
axis_lock_linear_x = true
axis_lock_linear_y = true
axis_lock_linear_z = true
joint_type = 1
joint_offset = Transform3D(1, 0, 0, 0, 1, 0, 0, 0, 1, -9.28435e-08, -7.89926e-06, 0.00961421)
body_offset = Transform3D(0.999998, 2.38419e-07, 3.57628e-07, -2.68221e-07, -9.01148e-06, -0.999999, -4.76837e-07, 1, -9.12882e-06, 8.9407e-08, 0.0096142, 7.98702e-06)
bone_name = "FingerThumb01.L"
joint_constraints/bias = 0.3
joint_constraints/damping = 1.0
joint_constraints/impulse_clamp = 0.0

[node name="Physical Bone Neck" type="PhysicalBone3D" parent="ManCasual3Armature/Skeleton3D" index="19"]
transform = Transform3D(1, 2.36648e-07, -5.03493e-11, 5.73301e-08, -0.24172, -0.970347, -2.31114e-07, 0.970347, -0.24172, 2.25008e-06, 1.61096, -0.0280289)
disable_mode = 2
axis_lock_linear_x = true
axis_lock_linear_y = true
axis_lock_linear_z = true
joint_type = 1
joint_offset = Transform3D(1, 0, 0, 0, 1, 0, 0, 0, 1, -2.25008e-06, 2.98023e-08, 0.0481325)
body_offset = Transform3D(1, -1.4702e-09, 1.844e-10, 1.13687e-13, -1.49012e-08, -1, 1.42109e-14, 1, 0, 2.25008e-06, 0.0481325, -2.98023e-08)
bone_name = "Neck"
joint_constraints/bias = 0.3
joint_constraints/damping = 1.0
joint_constraints/impulse_clamp = 0.0

[node name="CollisionShape3D" type="CollisionShape3D" parent="ManCasual3Armature/Skeleton3D/Physical Bone Neck" index="0"]
transform = Transform3D(1, 0, 0, 0, 0, 1, 0, -1, 0, 0, 0, 0)
shape = SubResource("CapsuleShape3D_n63yl")

[node name="Physical Bone Head" type="PhysicalBone3D" parent="ManCasual3Armature/Skeleton3D" index="20"]
transform = Transform3D(-0.98915, -0.110008, -0.0978005, -0.00788331, 0.704399, -0.709782, 0.146698, -0.701315, -0.697621, 0.00723403, 1.71017, 0.0352126)
disable_mode = 2
axis_lock_linear_x = true
axis_lock_linear_y = true
axis_lock_linear_z = true
joint_type = 1
joint_offset = Transform3D(1, 0, 0, 0, 1, 0, 0, 0, 1, -8.98261e-07, 2.23517e-08, 0.0739762)
body_offset = Transform3D(-0.98915, -0.110007, -0.0978003, -3.72529e-09, 0.665751, -0.746195, 0.146909, -0.738103, -0.658528, 0.00723401, 0.0552007, 0.0487156)
bone_name = "Head"
joint_constraints/bias = 0.3
joint_constraints/damping = 1.0
joint_constraints/impulse_clamp = 0.0

[node name="CollisionShape3D" type="CollisionShape3D" parent="ManCasual3Armature/Skeleton3D/Physical Bone Head" index="0"]
transform = Transform3D(1, 0, 0, 0, 0, 1, 0, -1, 0, 0, 0, 0)
shape = SubResource("CapsuleShape3D_bevim")

[node name="Physical Bone Shoulder_R" type="PhysicalBone3D" parent="ManCasual3Armature/Skeleton3D" index="21"]
transform = Transform3D(-2.20688e-07, -0.434069, 0.90088, -8.02863e-07, 0.90088, 0.434069, -1, -5.96047e-07, -5.44248e-07, -0.0730992, 1.52904, -0.0396634)
disable_mode = 2
axis_lock_linear_x = true
axis_lock_linear_y = true
axis_lock_linear_z = true
joint_type = 1
joint_offset = Transform3D(1, 0, 0, 0, 1, 0, 0, 0, 1, 1.78479e-09, 5.10692e-07, 0.0811423)
body_offset = Transform3D(1, -1.13687e-13, -2.19958e-08, -4.14616e-09, -2.38419e-07, -1, 3.41061e-13, 1, -4.17232e-07, 0, 0.0811423, -4.76837e-07)
bone_name = "Shoulder.R"
joint_constraints/bias = 0.3
joint_constraints/damping = 1.0
joint_constraints/impulse_clamp = 0.0

[node name="CollisionShape3D" type="CollisionShape3D" parent="ManCasual3Armature/Skeleton3D/Physical Bone Shoulder_R" index="0"]
transform = Transform3D(1, 0, 0, 0, 0, 1, 0, -1, 0, 0, 0, 0)
shape = SubResource("CapsuleShape3D_qkfnh")

[node name="Physical Bone UpperArm_R" type="PhysicalBone3D" parent="ManCasual3Armature/Skeleton3D" index="22"]
transform = Transform3D(0.0266576, -0.00805008, 0.999613, 0.00356587, 0.999962, 0.00795968, -0.999588, 0.0033529, 0.0266838, -0.28424, 1.49287, -0.0433433)
disable_mode = 2
axis_lock_linear_x = true
axis_lock_linear_y = true
axis_lock_linear_z = true
joint_type = 1
joint_offset = Transform3D(1, 0, 0, 0, 1, 0, 0, 0, 1, 4.37136e-06, -0.000155886, 0.138092)
body_offset = Transform3D(0.99995, -5.82077e-09, 2.32831e-07, -2.59466e-06, 5.90844e-07, -1, -3.57628e-07, 1, 2.30535e-06, -4.40329e-06, 0.138092, 0.000155568)
bone_name = "UpperArm.R"
joint_constraints/bias = 0.3
joint_constraints/damping = 1.0
joint_constraints/impulse_clamp = 0.0

[node name="CollisionShape3D" type="CollisionShape3D" parent="ManCasual3Armature/Skeleton3D/Physical Bone UpperArm_R" index="0"]
transform = Transform3D(1, 0, 0, 0, 0, 1, 0, -1, 0, 0, 0, 0)
shape = SubResource("CapsuleShape3D_tm2fe")

[node name="Physical Bone LowerArm_R" type="PhysicalBone3D" parent="ManCasual3Armature/Skeleton3D" index="23"]
transform = Transform3D(-0.0528059, 0.0207564, 0.998389, 0.00164941, 0.999784, -0.020698, -0.998604, 0.000553776, -0.0528301, -0.511414, 1.493, -0.042312)
disable_mode = 2
axis_lock_linear_x = true
axis_lock_linear_y = true
axis_lock_linear_z = true
joint_type = 1
joint_offset = Transform3D(1, 0, 0, 0, 1, 0, 0, 0, 1, 3.4037e-06, 0.000462516, 0.0892935)
body_offset = Transform3D(1, 2.50293e-08, 1.34856e-06, 4.09782e-08, 2.46415e-07, -1, 9.8953e-10, 1, 1.74279e-07, -3.52412e-06, 0.0892935, -0.000462532)
bone_name = "LowerArm.R"
joint_constraints/bias = 0.3
joint_constraints/damping = 1.0
joint_constraints/impulse_clamp = 0.0

[node name="CollisionShape3D" type="CollisionShape3D" parent="ManCasual3Armature/Skeleton3D/Physical Bone LowerArm_R" index="0"]
transform = Transform3D(1, 0, 0, 0, 0, 1, 0, -1, 0, 0, 0, 0)
shape = SubResource("CapsuleShape3D_4youo")

[node name="Physical Bone Hand_R" type="PhysicalBone3D" parent="ManCasual3Armature/Skeleton3D" index="24"]
transform = Transform3D(-0.00199253, -0.270054, 0.962847, 0.990716, -0.139963, -0.0372533, 0.144785, 0.952629, 0.267484, -0.648668, 1.49731, -0.0509616)
disable_mode = 2
axis_lock_linear_x = true
axis_lock_linear_y = true
axis_lock_linear_z = true
joint_type = 1
joint_offset = Transform3D(1, 0, 0, 0, 1, 0, 0, 0, 1, -0.000127072, 2.09362e-05, 0.0499582)
body_offset = Transform3D(-0.146552, -0.964571, -0.219407, 1.79e-06, 0.221805, -0.975094, 0.990458, -0.142923, -0.0325621, 0.0109628, 0.0487093, 0.0017556)
bone_name = "Hand.R"
joint_constraints/bias = 0.3
joint_constraints/damping = 1.0
joint_constraints/impulse_clamp = 0.0

[node name="CollisionShape3D" type="CollisionShape3D" parent="ManCasual3Armature/Skeleton3D/Physical Bone Hand_R" index="0"]
transform = Transform3D(1, 0, 0, 0, 0, 1, 0, -1, 0, 0, 0, 0)
shape = SubResource("CapsuleShape3D_m4hmx")

[node name="Physical Bone FingerLittle_R" type="PhysicalBone3D" parent="ManCasual3Armature/Skeleton3D" index="25"]
transform = Transform3D(0.0274706, -0.0647284, 0.997508, 0.999463, 0.00656781, -0.0271012, -0.00479362, 0.997876, 0.0648842, -0.707658, 1.49928, -0.0650405)
disable_mode = 2
axis_lock_linear_x = true
axis_lock_linear_y = true
axis_lock_linear_z = true
joint_type = 1
joint_offset = Transform3D(1, 0, 0, 0, 1, 0, 0, 0, 1, 4.90867e-05, 3.22045e-07, 0.0108606)
body_offset = Transform3D(0.999853, 1.66707e-07, 3.19962e-06, -1.04489e-06, -7.45058e-08, -0.999983, 2.53599e-06, 0.999995, 1.20699e-06, -4.91142e-05, 0.0108604, -3.35276e-07)
bone_name = "FingerLittle.R"
joint_constraints/bias = 0.3
joint_constraints/damping = 1.0
joint_constraints/impulse_clamp = 0.0

[node name="Physical Bone FingerLittle01_R" type="PhysicalBone3D" parent="ManCasual3Armature/Skeleton3D" index="26"]
transform = Transform3D(0.0218625, -0.239262, 0.971405, 0.00702184, 0.976598, 0.236388, -0.999736, 0.00162393, 0.0229006, -0.72837, 1.49721, -0.0659762)
disable_mode = 2
axis_lock_linear_x = true
axis_lock_linear_y = true
axis_lock_linear_z = true
joint_type = 1
joint_offset = Transform3D(1, 0, 0, 0, 1, 0, 0, 0, 1, -5.77139e-07, -9.62123e-06, 0.0102265)
body_offset = Transform3D(1, 2.33576e-06, 3.39001e-07, -2.28174e-06, 0.00152861, -1.00002, 8.37026e-07, 1.00548, 1.76056e-06, 5.73695e-07, 0.0102267, 9.65595e-06)
bone_name = "FingerLittle01.R"
joint_constraints/bias = 0.3
joint_constraints/damping = 1.0
joint_constraints/impulse_clamp = 0.0

[node name="Physical Bone FingerRing_R" type="PhysicalBone3D" parent="ManCasual3Armature/Skeleton3D" index="27"]
transform = Transform3D(-0.00268649, -0.0584899, 0.998267, 0.999118, 0.00772383, 0.00313919, -0.0078895, 0.998258, 0.058465, -0.714641, 1.50032, -0.0478605)
disable_mode = 2
axis_lock_linear_x = true
axis_lock_linear_y = true
axis_lock_linear_z = true
joint_type = 1
joint_offset = Transform3D(1, 0, 0, 0, 1, 0, 0, 0, 1, 0.000351735, -1.09478e-05, 0.0106857)
body_offset = Transform3D(0.999153, -1.86265e-09, -1.19367e-05, -5.08159e-06, 7.07805e-08, -0.999983, -1.62795e-06, 1, -1.07288e-06, -0.00035131, 0.0106855, 1.09598e-05)
bone_name = "FingerRing.R"
joint_constraints/bias = 0.3
joint_constraints/damping = 1.0
joint_constraints/impulse_clamp = 0.0

[node name="Physical Bone FingerRing01_R" type="PhysicalBone3D" parent="ManCasual3Armature/Skeleton3D" index="28"]
transform = Transform3D(-0.00542229, -0.422584, 0.906307, -0.000225306, 0.906321, 0.42259, -1, 0.00208878, -0.005014, -0.736418, 1.49544, -0.0484341)
disable_mode = 2
axis_lock_linear_x = true
axis_lock_linear_y = true
axis_lock_linear_z = true
joint_type = 1
joint_offset = Transform3D(1, 0, 0, 0, 1, 0, 0, 0, 1, 1.23862e-06, -2.47891e-07, 0.0122951)
body_offset = Transform3D(1.00002, -1.52015e-06, 4.69806e-06, 2.01166e-07, 4.49697e-07, -1, 3.0268e-09, 1, 7.70409e-07, -1.2964e-06, 0.0122951, 2.38419e-07)
bone_name = "FingerRing01.R"
joint_constraints/bias = 0.3
joint_constraints/damping = 1.0
joint_constraints/impulse_clamp = 0.0

[node name="Physical Bone FingerMiddle_R" type="PhysicalBone3D" parent="ManCasual3Armature/Skeleton3D" index="29"]
transform = Transform3D(-0.120764, -0.0217756, 0.992464, 0.992665, 0.00373123, 0.120875, -0.00633462, 0.999878, 0.0211626, -0.717819, 1.49884, -0.0317094)
disable_mode = 2
axis_lock_linear_x = true
axis_lock_linear_y = true
axis_lock_linear_z = true
joint_type = 1
joint_offset = Transform3D(1, 0, 0, 0, 1, 0, 0, 0, 1, 5.81251e-06, -1.24957e-08, 0.0145187)
body_offset = Transform3D(1, -2.06754e-07, 1.97843e-06, 1.9556e-06, 4.65661e-07, -1.00002, -7.21775e-08, 1.00012, -3.72529e-08, -5.84126e-06, 0.014519, 1.30385e-08)
bone_name = "FingerMiddle.R"
joint_constraints/bias = 0.3
joint_constraints/damping = 1.0
joint_constraints/impulse_clamp = 0.0

[node name="Physical Bone FingerMiddle01_R" type="PhysicalBone3D" parent="ManCasual3Armature/Skeleton3D" index="30"]
transform = Transform3D(-0.00681014, -0.463304, 0.886173, -0.00101301, 0.886197, 0.463308, -0.99872, 0.00226507, -0.00651054, -0.740621, 1.49271, -0.0319551)
disable_mode = 2
axis_lock_linear_x = true
axis_lock_linear_y = true
axis_lock_linear_z = true
joint_type = 1
joint_offset = Transform3D(1, 0, 0, 0, 1, 0, 0, 0, 1, 1.81992e-07, 2.51744e-06, 0.00946145)
body_offset = Transform3D(0.998744, -1.72295e-08, 8.19564e-08, 2.15368e-06, -1.58497e-06, -1, -4.74858e-06, 1, -1.48496e-06, -1.82539e-07, 0.00946145, -2.5034e-06)
bone_name = "FingerMiddle01.R"
joint_constraints/bias = 0.3
joint_constraints/damping = 1.0
joint_constraints/impulse_clamp = 0.0

[node name="Physical Bone FingerIndex_R" type="PhysicalBone3D" parent="ManCasual3Armature/Skeleton3D" index="31"]
transform = Transform3D(-0.00572072, 0.0231708, 0.999715, 1, 0.00739766, 0.00554709, -0.00726684, 0.999704, -0.0232109, -0.714871, 1.49843, -0.0147788)
disable_mode = 2
axis_lock_linear_x = true
axis_lock_linear_y = true
axis_lock_linear_z = true
joint_type = 1
joint_offset = Transform3D(1, 0, 0, 0, 1, 0, 0, 0, 1, -6.30195e-06, 2.07958e-08, 0.0101994)
body_offset = Transform3D(1.00004, -5.54137e-08, 1.01316e-05, 1.36246e-05, -1.24425e-06, -1, 4.35393e-07, 1, -2.98023e-08, 6.19888e-06, 0.0101994, -2.04891e-08)
bone_name = "FingerIndex.R"
joint_constraints/bias = 0.3
joint_constraints/damping = 1.0
joint_constraints/impulse_clamp = 0.0

[node name="Physical Bone FingerIndex01_R" type="PhysicalBone3D" parent="ManCasual3Armature/Skeleton3D" index="32"]
transform = Transform3D(-0.0069882, -0.372211, 0.928121, -0.000540578, 0.928145, 0.372217, -1, 0.00209941, -0.00669233, -0.731755, 1.49563, -0.0144953)
disable_mode = 2
axis_lock_linear_x = true
axis_lock_linear_y = true
axis_lock_linear_z = true
joint_type = 1
joint_offset = Transform3D(1, 0, 0, 0, 1, 0, 0, 0, 1, 6.98252e-07, -9.64095e-07, 0.00735543)
body_offset = Transform3D(1.00003, 1.53668e-07, 5.34812e-06, 1.1595e-07, 1.55159e-06, -1, -1.72062e-07, 1, 1.41677e-06, -7.37607e-07, 0.00735543, 9.53674e-07)
bone_name = "FingerIndex01.R"
joint_constraints/bias = 0.3
joint_constraints/damping = 1.0
joint_constraints/impulse_clamp = 0.0

[node name="Physical Bone FingerThumb_R" type="PhysicalBone3D" parent="ManCasual3Armature/Skeleton3D" index="33"]
transform = Transform3D(-0.0696863, 0.462654, 0.883798, 0.997137, 0.00625073, 0.0753543, 0.0293394, 0.886516, -0.461764, -0.674889, 1.48454, 0.00221419)
disable_mode = 2
axis_lock_linear_x = true
axis_lock_linear_y = true
axis_lock_linear_z = true
joint_type = 1
joint_offset = Transform3D(1, 0, 0, 0, 1, 0, 0, 0, 1, 4.97565e-05, 7.27106e-06, 0.0120495)
body_offset = Transform3D(1, 2.0694e-06, 6.05639e-06, 4.08571e-06, -4.20213e-06, -1, -2.6077e-08, 1, -2.41399e-06, -4.98295e-05, 0.0120496, -7.24196e-06)
bone_name = "FingerThumb.R"
joint_constraints/bias = 0.3
joint_constraints/damping = 1.0
joint_constraints/impulse_clamp = 0.0

[node name="Physical Bone FingerThumb01_R" type="PhysicalBone3D" parent="ManCasual3Armature/Skeleton3D" index="34"]
transform = Transform3D(-0.292768, -0.0841544, 0.952469, 0.0693409, 0.991625, 0.108927, -0.953666, 0.0979358, -0.284475, -0.694738, 1.48263, 0.0105441)
disable_mode = 2
axis_lock_linear_x = true
axis_lock_linear_y = true
axis_lock_linear_z = true
joint_type = 1
joint_offset = Transform3D(1, 0, 0, 0, 1, 0, 0, 0, 1, 3.26661e-07, 5.94167e-07, 0.00961238)
body_offset = Transform3D(1, -2.75671e-07, -6.07967e-06, -1.60933e-06, -1.21966e-05, -0.999994, -9.68575e-08, 0.999997, -1.22059e-05, -2.68221e-07, 0.00961232, -4.76837e-07)
bone_name = "FingerThumb01.R"
joint_constraints/bias = 0.3
joint_constraints/damping = 1.0
joint_constraints/impulse_clamp = 0.0

[node name="Physical Bone UpperLeg_L" type="PhysicalBone3D" parent="ManCasual3Armature/Skeleton3D" index="35"]
transform = Transform3D(0.000144741, -1.00071, 0.0330872, -0.0202559, 0.0331192, 0.999247, -0.999854, -0.00081965, -0.0202388, 0.0770993, 0.727224, -0.00860444)
disable_mode = 2
axis_lock_linear_x = true
axis_lock_linear_y = true
axis_lock_linear_z = true
joint_type = 1
joint_offset = Transform3D(1, 0, 0, 0, 1, 0, 0, 0, 1, -9.89813e-07, 2.29665e-07, 0.206669)
body_offset = Transform3D(1.00006, 3.87128e-06, -1.86265e-08, 0, -5.9661e-08, -1, -6.96164e-08, 1.00127, 4.8949e-09, 9.93721e-07, 0.206669, -2.30968e-07)
bone_name = "UpperLeg.L"
joint_constraints/bias = 0.3
joint_constraints/damping = 1.0
joint_constraints/impulse_clamp = 0.0

[node name="CollisionShape3D" type="CollisionShape3D" parent="ManCasual3Armature/Skeleton3D/Physical Bone UpperLeg_L" index="0"]
transform = Transform3D(1, 0, 0, 0, 0, 1, 0, -1, 0, 0, 0, 0)
shape = SubResource("CapsuleShape3D_mdakc")

[node name="Physical Bone LowerLeg_L" type="PhysicalBone3D" parent="ManCasual3Armature/Skeleton3D" index="36"]
transform = Transform3D(0.999446, 0.00168056, 0.0329415, -0.0329822, 0.0465045, 0.998374, 0.000146139, -0.998916, 0.0465348, 0.0637011, 0.321888, -0.0136889)
disable_mode = 2
axis_lock_linear_x = true
axis_lock_linear_y = true
axis_lock_linear_z = true
joint_type = 1
joint_offset = Transform3D(1, 0, 0, 0, 1, 0, 0, 0, 1, -3.12624e-07, -3.99521e-07, 0.199154)
body_offset = Transform3D(1, -6.18602e-08, 1.40141e-06, -1.86265e-09, 1.86265e-08, -1, -7.25995e-08, 1, -2.01166e-07, 3.35276e-08, 0.199154, 4.39584e-07)
bone_name = "LowerLeg.L"
joint_constraints/bias = 0.3
joint_constraints/damping = 1.0
joint_constraints/impulse_clamp = 0.0

[node name="CollisionShape3D" type="CollisionShape3D" parent="ManCasual3Armature/Skeleton3D/Physical Bone LowerLeg_L" index="0"]
transform = Transform3D(1, 0, 0, 0, 0, 1, 0, -1, 0, 0, 0, 0)
shape = SubResource("CapsuleShape3D_n512a")

[node name="Physical Bone Foot_L" type="PhysicalBone3D" parent="ManCasual3Armature/Skeleton3D" index="37"]
transform = Transform3D(-0.998298, 0.00145747, 0.00341608, 0.00369729, 0.394458, 0.918861, 1.22471e-06, 0.918913, -0.394433, 0.0568314, 0.0790566, -0.0040467)
disable_mode = 2
axis_lock_linear_x = true
axis_lock_linear_y = true
axis_lock_linear_z = true
joint_type = 1
joint_offset = Transform3D(1, 0, 0, 0, 1, 0, 0, 0, 1, -0.000146375, -1.68739e-05, 0.0479005)
body_offset = Transform3D(0.998316, -1.10701e-07, -8.16397e-06, 4.7336e-06, -2.98023e-08, -0.999947, 4.95347e-06, 1, 6.82473e-06, 0.000146519, 0.0478979, 1.65477e-05)
bone_name = "Foot.L"
joint_constraints/bias = 0.3
joint_constraints/damping = 1.0
joint_constraints/impulse_clamp = 0.0

[node name="CollisionShape3D" type="CollisionShape3D" parent="ManCasual3Armature/Skeleton3D/Physical Bone Foot_L" index="0"]
transform = Transform3D(1, 0, 0, 0, 0, 1, 0, -1, 0, 0, 0, 0)
shape = SubResource("CapsuleShape3D_wd203")

[node name="Physical Bone UpperLeg_R" type="PhysicalBone3D" parent="ManCasual3Armature/Skeleton3D" index="38"]
transform = Transform3D(0.000127231, 0.999454, -0.0330573, 0.0202865, 0.0330453, 0.999247, 0.999794, -0.000803761, -0.0202709, -0.0771051, 0.727187, -0.00859737)
disable_mode = 2
axis_lock_linear_x = true
axis_lock_linear_y = true
axis_lock_linear_z = true
joint_type = 1
joint_offset = Transform3D(1, 0, 0, 0, 1, 0, 0, 0, 1, 1.31108e-06, 1.08686e-06, 0.206706)
body_offset = Transform3D(1, -1.19035e-07, 5.32717e-07, 2.51457e-07, -1.38807e-08, -0.999999, -5.93491e-06, 1, -2.51858e-06, -1.4212e-06, 0.206706, -5.66244e-07)
bone_name = "UpperLeg.R"
joint_constraints/bias = 0.3
joint_constraints/damping = 1.0
joint_constraints/impulse_clamp = 0.0

[node name="CollisionShape3D" type="CollisionShape3D" parent="ManCasual3Armature/Skeleton3D/Physical Bone UpperLeg_R" index="0"]
transform = Transform3D(1, 0, 0, 0, 0, 1, 0, -1, 0, 0, 0, 0)
