[gd_scene load_steps=5 format=3 uid="uid://jdq3ts6q2lmj"]

[ext_resource type="Script" path="res://scripts/comedian.gd" id="1_ch0s7"]
[ext_resource type="PackedScene" uid="uid://b30st27yfqklm" path="res://scenes/stage/player/jerry_animated.tscn" id="2_5b5g0"]
[ext_resource type="Material" uid="uid://dkbw5ntx818tl" path="res://art/materials/new_standard_material_3d.tres" id="3_8jwsm"]

[sub_resource type="CapsuleShape3D" id="CapsuleShape3D_jhgu1"]
height = 1.6

[node name="Comedian" type="CharacterBody3D" node_paths=PackedStringArray("ragdoll_skeleton", "capsule_collider", "animation_player") groups=["player"]]
transform = Transform3D(1, 0, 0, 0, 1, 0, 0, 0, 1, 0, 1.50514, 0)
axis_lock_linear_y = true
axis_lock_angular_x = true
axis_lock_angular_y = true
axis_lock_angular_z = true
script = ExtResource("1_ch0s7")
moveSpeed = 50.0
rotationSpeed = 300.0
fall_trigger_path = NodePath("../Platform/Walls/FrontTrigger")
ragdoll_skeleton = NodePath("jerry_animated/ManCasual3Armature/Skeleton3D")
capsule_collider = NodePath("CollisionShape3D")
animation_player = NodePath("jerry_animated/AnimationPlayer")

[node name="CollisionShape3D" type="CollisionShape3D" parent="."]
shape = SubResource("CapsuleShape3D_jhgu1")

[node name="CSGSphere3D" type="CSGSphere3D" parent="CollisionShape3D"]
transform = Transform3D(1, 0, 0, 0, 1.6, 0, 0, 0, 1, 0, 0, 0)
visible = false

[node name="jerry_animated" parent="." instance=ExtResource("2_5b5g0")]
transform = Transform3D(0.8, 0, 0, 0, 0.8, 0, 0, 0, 0.8, 0, -0.8, 0)

[node name="Skeleton3D" parent="jerry_animated/ManCasual3Armature" index="0"]
animate_physical_bones = false
bones/4/rotation = Quaternion(0.525291, 0.267754, 0.654453, -0.47336)
bones/5/rotation = Quaternion(0.218697, -0.00128336, 0.0133872, 0.9757)
bones/30/rotation = Quaternion(0.218698, 0.00128203, -0.0133871, 0.9757)
bones/48/rotation = Quaternion(0.706062, -0.0626942, -0.704271, 0.0393632)
bones/52/rotation = Quaternion(0.706056, 0.0626945, 0.704275, 0.0393858)
bones/53/rotation = Quaternion(0.0235795, -0.706475, 0.02364, 0.70695)

[node name="ManCasual3" parent="jerry_animated/ManCasual3Armature/Skeleton3D" index="0"]
visible = true
gi_mode = 2
surface_material_override/0 = ExtResource("3_8jwsm")

[node name="Physical Bone Hips" parent="jerry_animated/ManCasual3Armature/Skeleton3D" index="1"]
transform = Transform3D(1, -3.73035e-12, -9.35363e-14, 2.26485e-13, -0.118394, -0.992967, -2.82441e-12, 0.992967, -0.118394, -7.4144e-14, 1.03007, 0.00625016)
joint_offset = Transform3D(1, 0, 0, 0, 1, 0, 0, 0, 1, 7.85413e-14, 4.59026e-07, 0.0527992)
body_offset = Transform3D(1, -2.38419e-07, -1.32336e-09, -3.91687e-14, 0.00555054, -0.999985, 2.38416e-07, 0.999985, 0.00555054, 6.99032e-11, 0.0527984, -0.000293523)

[node name="Physical Bone Spine" parent="jerry_animated/ManCasual3Armature/Skeleton3D" index="2"]
transform = Transform3D(0.999999, 2.38419e-07, -1.74971e-13, 1.0453e-08, -0.043847, -0.99903, -2.38244e-07, 0.999038, -0.0438477, -4.8188e-12, 1.18061, 0.0168077)
joint_offset = Transform3D(1, 0, 0, 0, 1, 0, 0, 0, 1, 4.66172e-12, 7.61718e-07, 0.0982047)
body_offset = Transform3D(0.999999, 7.10543e-14, 1.24345e-14, -3.43814e-12, 5.7742e-07, -0.999992, -5.47118e-11, 1, -4.73112e-07, -4.66294e-12, 0.0982039, -7.15256e-07)

[node name="Physical Bone Chest" parent="jerry_animated/ManCasual3Armature/Skeleton3D" index="3"]
transform = Transform3D(1, 2.38474e-07, 5.55361e-11, -1.77495e-08, 0.0746812, -0.997207, -2.37813e-07, 0.997207, 0.0746822, -4.15043e-12, 1.3523, 0.015605)
joint_offset = Transform3D(1, 0, 0, 0, 1, 0, 0, 0, 1, 3.13186e-13, -9.86542e-07, 0.0737841)
body_offset = Transform3D(1, 0, -4.91873e-12, -1.95399e-14, -1.56462e-07, -1, 0, 1, 8.49366e-07, 4.9738e-14, 0.0737841, 9.23872e-07)

[node name="Physical Bone UpperChest" parent="jerry_animated/ManCasual3Armature/Skeleton3D" index="4"]
transform = Transform3D(1, 2.38405e-07, 1.04981e-08, -7.07796e-08, 0.338486, -0.941053, -2.28071e-07, 0.941492, 0.338289, -8.22836e-10, 1.49505, -0.0147837)
joint_offset = Transform3D(1, 0, 0, 0, 1, 0, 0, 0, 1, 4.21097e-11, -1.16657e-06, 0.0735511)
body_offset = Transform3D(1, -1.73202e-10, 1.04374e-08, 1.04858e-08, 3.76701e-05, -1.00001, -1.07278e-10, 1.00049, 1.2815e-06, -8.09791e-10, 0.0735519, 1.07288e-06)

[node name="Physical Bone Shoulder_L" parent="jerry_animated/ManCasual3Armature/Skeleton3D" index="5"]
transform = Transform3D(-2.38027e-07, 0.434065, -0.90088, -1.31877e-06, 0.900881, 0.434067, 1.00031, 1.40121e-06, 2.24377e-07, 0.0730988, 1.52904, -0.0396635)
joint_offset = Transform3D(1, 0, 0, 0, 1, 0, 0, 0, 1, 7.18975e-08, -3.89782e-07, 0.0811413)
body_offset = Transform3D(1.00031, 6.01041e-08, -1.40399e-08, 5.49177e-08, -2.80142e-06, -1, -8.06534e-08, 1, -1.07288e-06, -7.07805e-08, 0.0811413, 4.76837e-07)

[node name="Physical Bone UpperArm_L" parent="jerry_animated/ManCasual3Armature/Skeleton3D" index="6"]
transform = Transform3D(0.597802, 0.80154, -0.0111708, 0.0363227, -0.0131665, 0.999253, 0.800749, -0.597796, -0.0369915, 0.147569, 1.35585, -0.034424)
joint_offset = Transform3D(1, 0, 0, 0, 1, 0, 0, 0, 1, -2.39862e-06, 0.000217549, 0.138074)
body_offset = Transform3D(0.816265, -0.576166, -0.0408392, 0.575913, 0.817286, -0.0181308, 0.0438178, -0.00871805, 0.999002, 0.00576612, 0.00232697, -0.137934)

[node name="Physical Bone LowerArm_L" parent="jerry_animated/ManCasual3Armature/Skeleton3D" index="7"]
transform = Transform3D(0.00593846, 0.999905, -0.0208289, 0.00630783, 0.0207912, 0.999781, 0.999982, -0.00606887, -0.0061803, 0.195492, 1.14538, -0.223884)
joint_offset = Transform3D(1, 0, 0, 0, 1, 0, 0, 0, 1, 0.180371, 0.232804, 0.34034)
body_offset = Transform3D(0.998262, -0.058895, -0.0067213, 0.0588866, 0.998404, -0.000427292, 0.0067373, 2.78943e-05, 0.999995, -0.164059, -0.242908, -0.34156)

[node name="Physical Bone Hand_L" parent="jerry_animated/ManCasual3Armature/Skeleton3D" index="8"]
transform = Transform3D(-0.99108, -0.132825, -0.0349093, 0.00864843, -0.314147, 0.949621, -0.137048, 0.940382, 0.312328, 0.199466, 1.00854, -0.238948)
joint_offset = Transform3D(1, 0, 0, 0, 1, 0, 0, 0, 1, -0.420454, -0.0168322, 0.510864)
body_offset = Transform3D(-0.185941, 0.932064, 0.311985, -0.983017, -0.180879, -0.0453668, 0.0141383, -0.314943, 0.949292, -0.221873, -0.393182, -0.484316)

[node name="Physical Bone FingerLittle_L" parent="jerry_animated/ManCasual3Armature/Skeleton3D" index="9"]
transform = Transform3D(-0.999536, 0.0141242, -0.0263445, -0.0277508, -0.111108, 0.993434, 0.0110993, 0.994072, 0.111411, 0.201126, 0.950435, -0.255752)
joint_offset = Transform3D(1, 0, 0, 0, 1, 0, 0, 0, 1, -0.508584, 0.136229, 0.553255)
body_offset = Transform3D(0.000331407, 0.116221, -0.993237, -0.998534, -0.0534226, -0.00658041, -0.0538059, 0.99215, 0.115994, 0.533849, -0.49692, -0.226699)

[node name="Physical Bone FingerLittle01_L" parent="jerry_animated/ManCasual3Armature/Skeleton3D" index="10"]
transform = Transform3D(0.000570751, 0.971554, 0.236827, -0.0683598, -0.236236, 0.969289, 0.998021, -0.0167366, 0.0662574, 0.198994, 0.929757, -0.257652)
joint_offset = Transform3D(1, 0, 0, 0, 1, 0, 0, 0, 1, 0.15276, 0.366827, 0.688097)
body_offset = Transform3D(0.998249, 0.00616595, 0.0646278, -0.00614182, 0.999984, -0.000605145, -0.0646528, 0.000207402, 0.997909, -0.199225, -0.365467, -0.676858)

[node name="Physical Bone FingerRing_L" parent="jerry_animated/ManCasual3Armature/Skeleton3D" index="11"]
transform = Transform3D(-1.00058, 0.0152872, 0.00386255, 0.0022412, -0.104928, 0.994905, 0.015605, 0.995123, 0.104848, 0.203218, 0.942666, -0.238945)
joint_offset = Transform3D(1, 0, 0, 0, 1, 0, 0, 0, 1, -0.496108, 0.139648, 0.576744)
body_offset = Transform3D(0.00057139, 0.112733, -0.994054, -0.999779, -0.0425921, -0.00540304, -0.0429295, 0.993474, 0.11257, 0.557856, -0.486934, -0.224958)

[node name="Physical Bone FingerRing01_L" parent="jerry_animated/ManCasual3Armature/Skeleton3D" index="12"]
transform = Transform3D(0.00782162, 0.906191, 0.422793, -0.0410887, -0.422157, 0.90559, 0.999044, -0.0244575, 0.0339368, 0.197365, 0.920906, -0.240476)
joint_offset = Transform3D(1, 0, 0, 0, 1, 0, 0, 0, 1, 0.17213, 0.228953, 0.754714)
body_offset = Transform3D(0.998977, -0.0294661, 0.0318592, 0.0294578, 0.999564, 0.000647121, -0.0318603, 0.000291572, 0.999492, -0.189252, -0.234412, -0.748913)

[node name="Physical Bone FingerMiddle_L" parent="jerry_animated/ManCasual3Armature/Skeleton3D" index="13"]
transform = Transform3D(-0.992553, 0.011307, 0.121292, 0.12025, -0.0682445, 0.990395, 0.0194737, 0.997605, 0.0663764, 0.200903, 0.938698, -0.222931)
joint_offset = Transform3D(1, 0, 0, 0, 1, 0, 0, 0, 1, -0.427466, 0.158404, 0.630172)
body_offset = Transform3D(0.000616755, 0.0726971, -0.997354, -0.999998, -0.00164196, -0.000737602, -0.00169331, 0.997353, 0.0726957, 0.617253, -0.42674, -0.204519)

[node name="Physical Bone FingerMiddle01_L" parent="jerry_animated/ManCasual3Armature/Skeleton3D" index="14"]
transform = Transform3D(0.00860203, 0.886061, 0.463491, -0.0396981, -0.46284, 0.885552, 0.999183, -0.0260174, 0.031192, 0.194755, 0.915937, -0.22419)
joint_offset = Transform3D(1, 0, 0, 0, 1, 0, 0, 0, 1, 0.173567, 0.202259, 0.769758)
body_offset = Transform3D(0.99906, -0.0325254, 0.0289324, 0.0325202, 0.999472, 0.000642968, -0.0289396, 0.000298968, 0.999581, -0.189096, -0.208292, -0.764473)

[node name="Physical Bone FingerIndex_L" parent="jerry_animated/ManCasual3Armature/Skeleton3D" index="15"]
transform = Transform3D(-0.999872, 0.0149869, 0.00563955, 0.00528806, -0.0233515, 0.999893, 0.0151124, 0.999714, 0.023271, 0.200604, 0.94093, -0.205883)
joint_offset = Transform3D(1, 0, 0, 0, 1, 0, 0, 0, 1, -0.498173, 0.18531, 0.56457)
body_offset = Transform3D(0.000527224, 0.0305299, -0.999714, -0.999266, 0.0383154, 0.000642636, 0.0383131, 0.998899, 0.0305299, 0.559014, -0.50527, -0.183256)

[node name="Physical Bone FingerIndex01_L" parent="jerry_animated/ManCasual3Armature/Skeleton3D" index="16"]
transform = Transform3D(0.00810589, 0.928111, 0.372453, -0.0395151, -0.372034, 0.927494, 0.999194, -0.0222421, 0.0336602, 0.197806, 0.923984, -0.206355)
joint_offset = Transform3D(1, 0, 0, 0, 1, 0, 0, 0, 1, 0.173227, 0.271288, 0.735483)
body_offset = Transform3D(0.999092, -0.0289277, 0.0315347, 0.0289117, 0.999729, 0.000703097, -0.0315386, 7.95134e-05, 0.999552, -0.188415, -0.27674, -0.729712)

[node name="Physical Bone FingerThumb_L" parent="jerry_animated/ManCasual3Armature/Skeleton3D" index="17"]
transform = Transform3D(-0.997322, 0.0131233, 0.0721005, 0.0709067, 0.421283, 0.904376, -0.0184988, 0.907279, -0.420784, 0.186915, 0.979984, -0.186929)
joint_offset = Transform3D(1, 0, 0, 0, 1, 0, 0, 0, 1, -0.44359, 0.385408, 0.414208)
body_offset = Transform3D(-0.000657888, -0.447605, -0.894469, -0.895316, 0.398801, -0.198727, 0.445456, 0.800884, -0.400733, 0.542715, -0.46854, 0.0549196)

[node name="Physical Bone FingerThumb01_L" parent="jerry_animated/ManCasual3Armature/Skeleton3D" index="18"]
transform = Transform3D(-0.0620524, 0.992324, 0.107012, 0.248096, -0.0885168, 0.964686, 0.96675, 0.0864085, -0.240699, 0.185001, 0.95979, -0.179527)
joint_offset = Transform3D(1, 0, 0, 0, 1, 0, 0, 0, 1, 0.280019, 0.466549, 0.513859)
body_offset = Transform3D(0.922912, -0.201977, -0.327793, 0.188896, 0.979386, -0.071623, 0.335499, 0.00418313, 0.942035, 0.00423911, -0.473022, -0.579971)

[node name="Physical Bone Neck" parent="jerry_animated/ManCasual3Armature/Skeleton3D" index="19"]
transform = Transform3D(1, 2.38033e-07, -2.24041e-10, 5.73301e-08, -0.241719, -0.970346, -2.31114e-07, 0.970346, -0.241719, -3.89476e-11, 1.61097, -0.0282241)
joint_offset = Transform3D(1, 0, 0, 0, 1, 0, 0, 0, 1, -1.34318e-11, 0.000190799, 0.0480907)
body_offset = Transform3D(1, -8.50804e-11, 1.07327e-11, 1.06581e-13, -5.96046e-08, -1, 4.26326e-14, 1, -1.04308e-07, 1.29319e-11, 0.0480907, -0.000190794)

[node name="Physical Bone Head" parent="jerry_animated/ManCasual3Armature/Skeleton3D" index="20"]
transform = Transform3D(-0.989377, -0.109643, -0.0978005, -0.00788331, 0.704379, -0.709782, 0.146698, -0.701309, -0.697621, 0.00723508, 1.71017, 0.0352121)
joint_offset = Transform3D(1, 0, 0, 0, 1, 0, 0, 0, 1, 2.15601e-07, 2.98023e-08, 0.0739758)
body_offset = Transform3D(-0.989377, -0.109643, -0.0978003, -3.72529e-09, 0.665731, -0.746195, 0.146909, -0.738096, -0.658528, 0.00723507, 0.0552003, 0.0487151)

[node name="Physical Bone Shoulder_R" parent="jerry_animated/ManCasual3Armature/Skeleton3D" index="21"]
transform = Transform3D(-2.20698e-07, -0.434069, 0.90088, -8.02857e-07, 0.90088, 0.434069, -1, -5.96047e-07, -5.47027e-07, -0.0731002, 1.52904, -0.0396634)
joint_offset = Transform3D(1, 0, 0, 0, 1, 0, 0, 0, 1, 4.07548e-09, -1.62782e-06, 0.0811423)
body_offset = Transform3D(1, 5.68434e-14, -4.31578e-09, -4.13974e-09, -2.38419e-07, -1, 9.26548e-12, 1, -5.06639e-07, -3.72529e-09, 0.0811423, 1.66893e-06)

[node name="Physical Bone UpperArm_R" parent="jerry_animated/ManCasual3Armature/Skeleton3D" index="22"]
transform = Transform3D(0.54204, -0.840297, 0.00809557, -0.0270636, -0.0270909, -0.999266, 0.839857, 0.541451, -0.0374299, -0.147501, 1.63178, -0.0343749)
joint_offset = Transform3D(1, 0, 0, 0, 1, 0, 0, 0, 1, -1.94553e-06, -0.000219326, 0.138072)
body_offset = Transform3D(-0.825201, -0.563751, 0.0340684, -0.564025, 0.825738, 0.000857036, -0.0286094, -0.018511, -0.999419, -0.00482916, 6.16759e-05, 0.137988)

[node name="Physical Bone LowerArm_R" parent="jerry_animated/ManCasual3Armature/Skeleton3D" index="23"]
transform = Transform3D(0.195544, -0.980685, 0.00371194, 0.499468, 0.0963338, -0.860955, 0.843963, 0.170209, 0.508665, -0.157695, 1.85526, -0.113202)
joint_offset = Transform3D(1, 0, 0, 0, 1, 0, 0, 0, 1, -0.177519, 0.235684, 0.345753)
body_offset = Transform3D(-0.852286, -0.118027, -0.509571, -0.140305, 0.990091, 0.00534516, 0.503887, 0.076051, -0.860411, 0.0527061, -0.260103, 0.369015)

[node name="Physical Bone Hand_R" parent="jerry_animated/ManCasual3Armature/Skeleton3D" index="24"]
transform = Transform3D(-0.998576, -0.0422518, -0.0419256, 0.0499285, -0.209145, -0.976614, 0.0325638, -0.976984, 0.210882, -0.156385, 1.98104, -0.169103)
joint_offset = Transform3D(1, 0, 0, 0, 1, 0, 0, 0, 1, 0.4233, -0.00809456, 0.520731)
body_offset = Transform3D(-0.0820648, 0.974081, -0.210879, 0.995985, 0.0894929, 0.0263196, 0.0445655, -0.207801, -0.97716, 0.152434, -0.434581, 0.488291)

[node name="Physical Bone FingerLittle_R" parent="jerry_animated/ManCasual3Armature/Skeleton3D" index="25"]
transform = Transform3D(-0.97965, -0.200288, -0.0130603, 0.0928015, -0.394307, -0.914267, 0.17797, -0.896884, 0.404863, -0.154142, 2.03974, -0.184022)
joint_offset = Transform3D(1, 0, 0, 0, 1, 0, 0, 0, 1, 0.502757, 0.214552, 0.549911)
body_offset = Transform3D(0.0649964, -0.395354, -0.916212, 0.968193, 0.247298, -0.0380232, 0.241614, -0.884609, 0.398846, 0.555982, -0.518915, -0.151009)

[node name="Physical Bone FingerLittle01_R" parent="jerry_animated/ManCasual3Armature/Skeleton3D" index="26"]
transform = Transform3D(0.188487, -0.946536, -0.262406, 0.434602, 0.320119, -0.841875, 0.880679, 0.044605, 0.471618, -0.151224, 2.05824, -0.193243)
joint_offset = Transform3D(1, 0, 0, 0, 1, 0, 0, 0, 1, -0.237402, 0.363661, 0.679268)
body_offset = Transform3D(-0.873275, -0.0630376, -0.48314, -0.305995, 0.842764, 0.443103, 0.379156, 0.53495, -0.755162, 0.143789, -0.68011, 0.408429)

[node name="Physical Bone FingerRing_R" parent="jerry_animated/ManCasual3Armature/Skeleton3D" index="27"]
transform = Transform3D(-0.978402, -0.201663, -0.0414697, 0.120886, -0.39986, -0.908551, 0.166612, -0.894116, 0.41567, -0.158195, 2.03824, -0.202081)
joint_offset = Transform3D(1, 0, 0, 0, 1, 0, 0, 0, 1, 0.494986, 0.186565, 0.57539)
body_offset = Transform3D(0.122202, -0.392244, -0.91169, 0.966601, 0.254853, 0.0199578, 0.224482, -0.883852, 0.410354, 0.537268, -0.537484, -0.182333)

[node name="Physical Bone FingerRing01_R" parent="jerry_animated/ManCasual3Armature/Skeleton3D" index="28"]
transform = Transform3D(0.196378, -0.877415, -0.437703, 0.458004, 0.476783, -0.750273, 0.867001, -0.0531315, 0.495483, -0.152711, 2.05719, -0.212533)
joint_offset = Transform3D(1, 0, 0, 0, 1, 0, 0, 0, 1, -0.225119, 0.228301, 0.749459)
body_offset = Transform3D(-0.868156, 0.0577808, -0.492934, -0.367183, 0.593459, 0.716233, 0.333923, 0.802789, -0.493989, 0.160804, -0.754934, 0.262119)

[node name="Physical Bone FingerMiddle_R" parent="jerry_animated/ManCasual3Armature/Skeleton3D" index="29"]
transform = Transform3D(-0.968539, -0.199057, -0.149405, 0.223733, -0.433507, -0.872978, 0.10899, -0.879028, 0.464355, -0.159834, 2.03357, -0.217852)
joint_offset = Transform3D(1, 0, 0, 0, 1, 0, 0, 0, 1, 0.427552, 0.175309, 0.633034)
body_offset = Transform3D(0.338363, -0.400719, -0.851471, 0.931871, 0.268553, 0.243966, 0.130886, -0.876097, 0.464238, 0.464592, -0.599942, -0.196251)

[node name="Physical Bone FingerMiddle01_R" parent="jerry_animated/ManCasual3Armature/Skeleton3D" index="30"]
transform = Transform3D(0.197186, -0.856626, -0.476792, 0.45915, 0.510385, -0.727122, 0.866227, -0.0755349, 0.493956, -0.153159, 2.05312, -0.229271)
joint_offset = Transform3D(1, 0, 0, 0, 1, 0, 0, 0, 1, -0.198612, 0.197356, 0.777812)
body_offset = Transform3D(-0.868014, 0.0808594, -0.489959, -0.38183, 0.522161, 0.762618, 0.317502, 0.849009, -0.422354, 0.19274, -0.772061, 0.224014)

[node name="Physical Bone FingerIndex_R" parent="jerry_animated/ManCasual3Armature/Skeleton3D" index="31"]
transform = Transform3D(-0.978649, -0.203828, -0.0278554, 0.123306, -0.472737, -0.872535, 0.164686, -0.857306, 0.487756, -0.162821, 2.02317, -0.23123)
joint_offset = Transform3D(1, 0, 0, 0, 1, 0, 0, 0, 1, 0.501155, 0.173125, 0.578369)
body_offset = Transform3D(0.127688, -0.465323, -0.875884, 0.98151, 0.186488, 0.0439991, 0.142875, -0.865272, 0.480511, 0.523152, -0.549622, -0.199715)

[node name="Physical Bone FingerIndex01_R" parent="jerry_animated/ManCasual3Armature/Skeleton3D" index="32"]
transform = Transform3D(0.19673, -0.900168, -0.388586, 0.459354, 0.434759, -0.774592, 0.866222, -0.0261133, 0.499015, -0.159676, 2.03771, -0.23984)
joint_offset = Transform3D(1, 0, 0, 0, 1, 0, 0, 0, 1, -0.163789, 0.268453, 0.749842)
body_offset = Transform3D(-0.867824, 0.032168, -0.495869, -0.347776, 0.673468, 0.652307, 0.354942, 0.738516, -0.573252, 0.221048, -0.726883, 0.289727)

[node name="Physical Bone FingerThumb_R" parent="jerry_animated/ManCasual3Armature/Skeleton3D" index="33"]
transform = Transform3D(-0.981296, -0.192372, -0.00719283, 0.162931, -0.810047, -0.563277, 0.102533, -0.553911, 0.826237, -0.153659, 1.97861, -0.229635)
joint_offset = Transform3D(1, 0, 0, 0, 1, 0, 0, 0, 1, 0.443889, 0.372321, 0.468403)
body_offset = Transform3D(0.233851, -0.810574, -0.536924, 0.902337, -0.0247214, 0.430323, -0.362081, -0.585115, 0.725628, 0.449487, -0.592898, 0.0386882)

[node name="Physical Bone FingerThumb01_R" parent="jerry_animated/ManCasual3Armature/Skeleton3D" index="34"]
transform = Transform3D(0.126857, -0.988946, -0.0767059, 0.699001, 0.143994, -0.700473, 0.703781, 0.0352403, 0.709542, -0.15285, 1.99215, -0.246426)
joint_offset = Transform3D(1, 0, 0, 0, 1, 0, 0, 0, 1, -0.244075, 0.462591, 0.577428)
body_offset = Transform3D(-0.659842, 0.26591, -0.70278, 0.00323583, 0.936282, 0.351221, 0.751399, 0.229475, -0.61866, 0.121746, -0.635131, 0.434476)

[node name="Physical Bone UpperLeg_L" parent="jerry_animated/ManCasual3Armature/Skeleton3D" index="35"]
transform = Transform3D(0.000144525, -0.999822, 0.0330836, -0.0202558, 0.0330886, 0.999133, -0.999854, -0.000815078, -0.0202351, 0.0770992, 0.727224, -0.00861345)
joint_offset = Transform3D(1, 0, 0, 0, 1, 0, 0, 0, 1, -9.69587e-06, 1.48974e-07, 0.206693)
body_offset = Transform3D(1.00006, 4.17931e-08, -1.40816e-06, -5.7742e-08, 1.14678e-06, -0.999885, -3.00352e-08, 1.00038, -2.25384e-07, 9.9875e-06, 0.206669, -1.02445e-07)

[node name="Physical Bone LowerLeg_L" parent="jerry_animated/ManCasual3Armature/Skeleton3D" index="36"]
transform = Transform3D(0.999475, 0.00168033, 0.0329429, -0.0329832, 0.0465046, 0.998394, 0.000145914, -0.998916, 0.046536, 0.0637013, 0.321888, -0.0136866)
joint_offset = Transform3D(1, 0, 0, 0, 1, 0, 0, 0, 1, -6.0812e-07, 1.91071e-06, 0.19915)
body_offset = Transform3D(1.00003, 6.90052e-08, 2.1932e-06, 1.60412e-08, -7.45058e-09, -1.00002, -1.80007e-08, 1, -4.28408e-07, 1.71363e-07, 0.199154, -1.82539e-06)

[node name="Physical Bone Foot_L" parent="jerry_animated/ManCasual3Armature/Skeleton3D" index="37"]
transform = Transform3D(-0.999804, 0.00145766, 0.00340925, 0.00370544, 0.394458, 0.918907, -4.45206e-06, 0.918913, -0.394458, 0.0569668, 0.0790671, -0.00407054)
joint_offset = Transform3D(1, 0, 0, 0, 1, 0, 0, 0, 1, -1.11129e-05, 8.39692e-07, 0.0478784)
body_offset = Transform3D(0.999822, -1.31649e-09, -1.35599e-06, 1.89128e-08, 5.96046e-08, -0.999999, 6.21952e-07, 1, 1.75834e-06, 1.11759e-05, 0.0478784, -9.23872e-07)

[node name="Physical Bone UpperLeg_R" parent="jerry_animated/ManCasual3Armature/Skeleton3D" index="38"]
transform = Transform3D(0.000131828, 0.999454, -0.0330572, 0.0202867, 0.0330455, 0.999037, 0.999794, -0.000803162, -0.0202669, -0.0771062, 0.727235, -0.008597)
joint_offset = Transform3D(1, 0, 0, 0, 1, 0, 0, 0, 1, 1.02088e-08, 2.01128e-06, 0.206702)
body_offset = Transform3D(1, 1.45519e-09, 3.11062e-07, 2.66358e-07, -1.88038e-07, -0.999789, -8.58447e-07, 1, -9.33385e-06, -7.45058e-08, 0.206658, -8.19564e-08)

[node name="Physical Bone LowerLeg_R" parent="jerry_animated/ManCasual3Armature/Skeleton3D" index="39"]
transform = Transform3D(0.999458, -0.00166455, -0.0329092, 0.0329562, 0.0464734, 0.998436, -0.000131516, -0.998959, 0.0465068, -0.0637191, 0.32187, -0.0136684)
joint_offset = Transform3D(1, 0, 0, 0, 1, 0, 0, 0, 1, -1.32284e-06, 1.28429e-06, 0.19916)
body_offset = Transform3D(1, 1.91634e-07, 1.95649e-06, -5.22788e-06, -1.49012e-08, -1.00006, -8.85368e-07, 1.00004, -2.82004e-06, 9.33185e-07, 0.199172, -7.22706e-07)

[node name="Physical Bone Foot_R" parent="jerry_animated/ManCasual3Armature/Skeleton3D" index="40"]
transform = Transform3D(-0.999994, -0.00146667, -0.00336949, -0.00367381, 0.394485, 0.918894, -1.87181e-05, 0.918902, -0.394491, -0.0569947, 0.0790694, -0.00404729)
joint_offset = Transform3D(1, 0, 0, 0, 1, 0, 0, 0, 1, 1.07462e-05, 4.43199e-06, 0.0478737)
body_offset = Transform3D(1, 3.3845e-07, -5.13951e-08, -1.10189e-06, 3.45707e-06, -1, -1.28604e-07, 1, 1.78814e-07, -1.07437e-05, 0.0478737, -4.44055e-06)

[editable path="jerry_animated"]
