[gd_scene load_steps=22 format=3 uid="uid://b30st27yfqklm"]

[ext_resource type="PackedScene" uid="uid://b7jcc3qe7mf4o" path="res://models/comic/jerry_animated.glb" id="1_gfmcw"]

[sub_resource type="CapsuleShape3D" id="CapsuleShape3D_2cldv"]
radius = 0.0105605
height = 0.105605

[sub_resource type="CapsuleShape3D" id="CapsuleShape3D_wplfk"]
radius = 0.0196406
height = 0.196406

[sub_resource type="CapsuleShape3D" id="CapsuleShape3D_5ky1d"]
radius = 0.0147528
height = 0.147528

[sub_resource type="CapsuleShape3D" id="CapsuleShape3D_xb5t3"]
radius = 0.0147096
height = 0.147096

[sub_resource type="CapsuleShape3D" id="CapsuleShape3D_ggym8"]
radius = 0.0162285
height = 0.162285

[sub_resource type="CapsuleShape3D" id="CapsuleShape3D_npk7t"]
radius = 0.0276163
height = 0.276163

[sub_resource type="CapsuleShape3D" id="CapsuleShape3D_yw3ff"]
radius = 0.0178604
height = 0.178604

[sub_resource type="CapsuleShape3D" id="CapsuleShape3D_s3yoi"]
radius = 0.00999657
height = 0.0999657

[sub_resource type="CapsuleShape3D" id="CapsuleShape3D_sfnkq"]
radius = 0.00962626
height = 0.0962626

[sub_resource type="CapsuleShape3D" id="CapsuleShape3D_fgrym"]
radius = 0.0147956
height = 0.147956

[sub_resource type="CapsuleShape3D" id="CapsuleShape3D_y6fxi"]
radius = 0.0162285
height = 0.162285

[sub_resource type="CapsuleShape3D" id="CapsuleShape3D_6bcac"]
radius = 0.0276163
height = 0.276163

[sub_resource type="CapsuleShape3D" id="CapsuleShape3D_8e7ct"]
radius = 0.0178604
height = 0.178604

[sub_resource type="CapsuleShape3D" id="CapsuleShape3D_pj2mp"]
radius = 0.00999654
height = 0.0999654

[sub_resource type="CapsuleShape3D" id="CapsuleShape3D_oj6y2"]
radius = 0.041333
height = 0.41333

[sub_resource type="CapsuleShape3D" id="CapsuleShape3D_nfpnt"]
radius = 0.0398303
height = 0.398303

[sub_resource type="CapsuleShape3D" id="CapsuleShape3D_m2tsp"]
radius = 0.00957561
height = 0.0957561

[sub_resource type="CapsuleShape3D" id="CapsuleShape3D_vbjsv"]
radius = 0.041333
height = 0.41333

[sub_resource type="CapsuleShape3D" id="CapsuleShape3D_nh2k3"]
radius = 0.0398303
height = 0.398303

[sub_resource type="CapsuleShape3D" id="CapsuleShape3D_mi2yi"]
radius = 0.0095756
height = 0.095756

[node name="jerry_animated" instance=ExtResource("1_gfmcw")]

[node name="ManCasual3" parent="ManCasual3Armature/Skeleton3D" index="0"]
visible = false

[node name="Physical Bone Hips" type="PhysicalBone3D" parent="ManCasual3Armature/Skeleton3D" index="1"]
transform = Transform3D(1, -3.72324e-12, -9.88098e-14, 2.62901e-13, -0.118394, -0.992967, -2.75691e-12, 0.992967, -0.118394, 2.24286e-15, 1.03007, 0.00625097)
joint_offset = Transform3D(1, 0, 0, 0, 1, 0, 0, 0, 1, 2.43555e-15, 3.40515e-09, 0.0528022)
body_offset = Transform3D(1, -2.38419e-07, -1.32336e-09, 6.32659e-15, 0.00555053, -0.999985, 2.38416e-07, 0.999985, 0.00555053, 6.98748e-11, 0.0528014, -0.000293083)
mass = 0.49
friction = 0.0
bounce = 0.03
gravity_scale = 0.914
bone_name = "Hips"

[node name="CollisionShape3D" type="CollisionShape3D" parent="ManCasual3Armature/Skeleton3D/Physical Bone Hips" index="0"]
transform = Transform3D(1, 0, 0, 0, 0, 1, 0, -1, 0, 0, 0, 0)
shape = SubResource("CapsuleShape3D_2cldv")

[node name="Physical Bone Spine" type="PhysicalBone3D" parent="ManCasual3Armature/Skeleton3D" index="2"]
transform = Transform3D(1, 2.38419e-07, -2.06058e-13, 1.04584e-08, -0.0438475, -0.999038, -2.38278e-07, 0.999038, -0.043848, -2.42903e-13, 1.18061, 0.0168073)
joint_type = 1
joint_offset = Transform3D(1, 0, 0, 0, 1, 0, 0, 0, 1, 2.7037e-15, 1.12314e-06, 0.0982031)
body_offset = Transform3D(1, 1.56319e-13, -2.75335e-14, 5.08926e-13, 4.84288e-08, -1, -8.8491e-11, 1, -4.35859e-07, 0, 0.0982031, -1.08033e-06)
mass = 0.49
friction = 0.0
bounce = 0.03
gravity_scale = 0.914
bone_name = "Spine"
joint_constraints/bias = 0.3
joint_constraints/damping = 1.0
joint_constraints/impulse_clamp = 0.0

[node name="CollisionShape3D" type="CollisionShape3D" parent="ManCasual3Armature/Skeleton3D/Physical Bone Spine" index="0"]
transform = Transform3D(1, 0, 0, 0, 0, 1, 0, -1, 0, 0, 0, 0)
shape = SubResource("CapsuleShape3D_wplfk")

[node name="Physical Bone Chest" type="PhysicalBone3D" parent="ManCasual3Armature/Skeleton3D" index="3"]
transform = Transform3D(1, 2.38474e-07, 6.03003e-11, -1.77495e-08, 0.0746812, -0.997207, -2.37813e-07, 0.997207, 0.0746822, -4.27997e-12, 1.3523, 0.0156051)
joint_type = 1
joint_offset = Transform3D(1, 0, 0, 0, 1, 0, 0, 0, 1, 7.32403e-14, -9.1063e-07, 0.0737817)
body_offset = Transform3D(1, 0, -1.74083e-13, -1.95399e-14, -1.56462e-07, -1, 0, 1, 9.31323e-07, -6.03961e-14, 0.0737817, 8.41916e-07)
mass = 0.49
friction = 0.0
bounce = 0.03
gravity_scale = 0.914
bone_name = "Chest"
joint_constraints/bias = 0.3
joint_constraints/damping = 1.0
joint_constraints/impulse_clamp = 0.0

[node name="CollisionShape3D" type="CollisionShape3D" parent="ManCasual3Armature/Skeleton3D/Physical Bone Chest" index="0"]
transform = Transform3D(1, 0, 0, 0, 0, 1, 0, -1, 0, 0, 0, 0)
shape = SubResource("CapsuleShape3D_5ky1d")

[node name="Physical Bone UpperChest" type="PhysicalBone3D" parent="ManCasual3Armature/Skeleton3D" index="4"]
transform = Transform3D(1, 2.38092e-07, 1.05308e-08, -7.07333e-08, 0.338285, -0.941046, -2.27974e-07, 0.941044, 0.338286, -7.8529e-10, 1.49505, -0.0147833)
joint_type = 1
joint_offset = Transform3D(1, 0, 0, 0, 1, 0, 0, 0, 1, 1.92586e-12, -1.62274e-08, 0.0735476)
body_offset = Transform3D(1, -3.69852e-10, 1.04702e-08, 1.04964e-08, 2.68221e-07, -1, 1.27898e-13, 1, 6.25849e-07, -7.71983e-10, 0.0735478, -2.98023e-08)
mass = 0.49
friction = 0.0
bounce = 0.03
gravity_scale = 0.914
bone_name = "UpperChest"
joint_constraints/bias = 0.3
joint_constraints/damping = 1.0
joint_constraints/impulse_clamp = 0.0

[node name="CollisionShape3D" type="CollisionShape3D" parent="ManCasual3Armature/Skeleton3D/Physical Bone UpperChest" index="0"]
transform = Transform3D(1, 0, 0, 0, 0, 1, 0, -1, 0, 0, 0, 0)
shape = SubResource("CapsuleShape3D_xb5t3")

[node name="Physical Bone Shoulder_L" type="PhysicalBone3D" parent="ManCasual3Armature/Skeleton3D" index="5"]
transform = Transform3D(-5.95761e-07, 0.434067, -0.900881, -1.31818e-06, 0.900881, 0.434067, 1, 1.46031e-06, 1.57752e-08, 0.0730999, 1.52904, -0.0396634)
joint_type = 1
joint_offset = Transform3D(1, 0, 0, 0, 1, 0, 0, 0, 1, -1.28016e-09, 3.20639e-07, 0.0811428)
body_offset = Transform3D(1, -5.68434e-13, 1.57766e-08, 1.58524e-08, -8.64267e-07, -1, -1.13687e-13, 1, -1.01328e-06, 0, 0.0811429, -2.38419e-07)
mass = 0.49
friction = 0.0
bounce = 0.03
gravity_scale = 0.914
bone_name = "Shoulder.L"
joint_constraints/bias = 0.3
joint_constraints/damping = 1.0
joint_constraints/impulse_clamp = 0.0

[node name="CollisionShape3D" type="CollisionShape3D" parent="ManCasual3Armature/Skeleton3D/Physical Bone Shoulder_L" index="0"]
transform = Transform3D(1, 0, 0, 0, 0, 1, 0, -1, 0, 0, 0, 0)
shape = SubResource("CapsuleShape3D_ggym8")

[node name="Physical Bone UpperArm_L" type="PhysicalBone3D" parent="ManCasual3Armature/Skeleton3D" index="6"]
transform = Transform3D(0.026653, 0.00805081, -0.999615, -0.00356552, 0.999962, 0.00797903, 0.999588, 0.00335222, 0.0266778, 0.284218, 1.4925, -0.043347)
joint_type = 1
joint_offset = Transform3D(1, 0, 0, 0, 1, 0, 0, 0, 1, -6.72011e-07, 0.000217303, 0.138074)
body_offset = Transform3D(0.99995, -2.04658e-07, -6.81542e-06, -2.3935e-06, 4.30875e-07, -1, 2.22819e-07, 1, 2.08359e-05, 1.61305e-06, 0.138074, -0.00022018)
mass = 0.49
friction = 0.0
bounce = 0.03
gravity_scale = 0.914
bone_name = "UpperArm.L"
joint_constraints/bias = 0.3
joint_constraints/damping = 1.0
joint_constraints/impulse_clamp = 0.0

[node name="CollisionShape3D" type="CollisionShape3D" parent="ManCasual3Armature/Skeleton3D/Physical Bone UpperArm_L" index="0"]
transform = Transform3D(1, 0, 0, 0, 0, 1, 0, -1, 0, 0, 0, 0)
shape = SubResource("CapsuleShape3D_npk7t")

[node name="Physical Bone LowerArm_L" type="PhysicalBone3D" parent="ManCasual3Armature/Skeleton3D" index="7"]
transform = Transform3D(-0.0528068, -0.0207584, -0.998409, -0.00164984, 0.999924, -0.0206989, 0.998625, 0.000560862, -0.0528283, 0.511417, 1.49347, -0.0423148)
joint_type = 1
joint_offset = Transform3D(1, 0, 0, 0, 1, 0, 0, 0, 1, -1.16104e-07, 1.76424e-08, 0.0893041)
body_offset = Transform3D(1.00002, 6.55151e-06, 1.30013e-06, -1.11759e-08, 1.4663e-06, -1.00002, 5.82077e-11, 1.00014, -1.97582e-07, 0, 0.0893059, 0)
mass = 0.49
friction = 0.0
bounce = 0.03
gravity_scale = 0.914
bone_name = "LowerArm.L"
joint_constraints/bias = 0.3
joint_constraints/damping = 1.0
joint_constraints/impulse_clamp = 0.0

[node name="CollisionShape3D" type="CollisionShape3D" parent="ManCasual3Armature/Skeleton3D/Physical Bone LowerArm_L" index="0"]
transform = Transform3D(1, 0, 0, 0, 0, 1, 0, -1, 0, 0, 0, 0)
shape = SubResource("CapsuleShape3D_yw3ff")

[node name="Physical Bone Hand_L" type="PhysicalBone3D" parent="ManCasual3Armature/Skeleton3D" index="8"]
transform = Transform3D(-0.00199543, 0.270484, -0.963326, -0.992631, -0.140367, -0.0372124, -0.145092, 0.955221, 0.267618, 0.649652, 1.50004, -0.0509681)
joint_type = 1
joint_offset = Transform3D(1, 0, 0, 0, 1, 0, 0, 0, 1, 0.00282281, 0.000142771, 0.0509831)
body_offset = Transform3D(-0.146862, 0.96718, 0.219517, 5.6345e-07, 0.222104, -0.97558, -0.992373, -0.143333, -0.0325187, -0.0109152, 0.0497063, 0.00447965)
mass = 0.49
friction = 0.0
bounce = 0.03
gravity_scale = 0.914
bone_name = "Hand.L"
joint_constraints/bias = 0.3
joint_constraints/damping = 1.0
joint_constraints/impulse_clamp = 0.0

[node name="CollisionShape3D" type="CollisionShape3D" parent="ManCasual3Armature/Skeleton3D/Physical Bone Hand_L" index="0"]
transform = Transform3D(1, 0, 0, 0, 0, 1, 0, -1, 0, 0, 0, 0)
shape = SubResource("CapsuleShape3D_s3yoi")

[node name="Physical Bone FingerLittle_L" type="PhysicalBone3D" parent="ManCasual3Armature/Skeleton3D" index="9"]
transform = Transform3D(0.0274777, 0.0648798, -0.997536, -0.999621, 0.00658831, -0.027109, 0.0047961, 1.00001, 0.0648861, 0.707628, 1.49933, -0.0650392)
joint_type = 1
joint_offset = Transform3D(1, 0, 0, 0, 1, 0, 0, 0, 1, -4.01474e-08, 3.16334e-07, 0.0108322)
body_offset = Transform3D(1.00001, -6.77118e-06, 3.70652e-06, 3.75145e-06, 1.24574e-05, -1.00001, -1.20606e-07, 1.00214, 9.98378e-07, 0, 0.0108324, -3.27826e-07)
mass = 0.49
friction = 0.0
bounce = 0.03
gravity_scale = 0.914
bone_name = "FingerLittle.L"
joint_constraints/bias = 0.3
joint_constraints/damping = 1.0
joint_constraints/impulse_clamp = 0.0

[node name="Physical Bone FingerLittle01_L" type="PhysicalBone3D" parent="ManCasual3Armature/Skeleton3D" index="10"]
transform = Transform3D(0.0218649, 0.236494, -0.971386, -0.00700546, 0.971631, 0.236396, 0.999736, 0.00163622, 0.0229014, 0.72837, 1.4972, -0.0659911)
joint_type = 1
joint_offset = Transform3D(1, 0, 0, 0, 1, 0, 0, 0, 1, 1.50753e-05, 6.32384e-07, 0.0102292)
body_offset = Transform3D(1, -8.28877e-08, 9.12696e-08, 8.3819e-08, -3.5565e-06, -1, 8.3819e-09, 1, -3.55238e-06, -1.50762e-05, 0.0102292, -5.96046e-07)
mass = 0.49
friction = 0.0
bounce = 0.03
gravity_scale = 0.914
bone_name = "FingerLittle01.L"
joint_constraints/bias = 0.3
joint_constraints/damping = 1.0
joint_constraints/impulse_clamp = 0.0

[node name="Physical Bone FingerRing_L" type="PhysicalBone3D" parent="ManCasual3Armature/Skeleton3D" index="11"]
transform = Transform3D(-0.00270216, 0.0586452, -1.0005, -1.00345, 0.0077569, 0.00315062, 0.00790505, 1.00124, 0.058606, 0.714606, 1.50067, -0.047872)
joint_type = 1
joint_offset = Transform3D(1, 0, 0, 0, 1, 0, 0, 0, 1, -1.39137e-07, -4.73143e-07, 0.0106259)
body_offset = Transform3D(1.00348, -1.60504e-05, 1.9203e-06, -3.42657e-06, -2.03587e-05, -1.00222, -1.10827e-05, 1.00299, 8.19936e-06, 1.19209e-07, 0.0106496, 3.8743e-07)
mass = 0.49
friction = 0.0
bounce = 0.03
gravity_scale = 0.914
bone_name = "FingerRing.L"
joint_constraints/bias = 0.3
joint_constraints/damping = 1.0
joint_constraints/impulse_clamp = 0.0

[node name="Physical Bone FingerRing01_L" type="PhysicalBone3D" parent="ManCasual3Armature/Skeleton3D" index="12"]
transform = Transform3D(-0.00541053, 0.422584, -0.906301, 0.00023773, 0.906283, 0.422595, 0.998525, 0.00207589, -0.00500257, 0.736416, 1.49544, -0.0484356)
joint_type = 1
joint_offset = Transform3D(1, 0, 0, 0, 1, 0, 0, 0, 1, -1.1485e-07, 4.8535e-08, 0.0122932)
body_offset = Transform3D(0.99854, -5.82077e-08, 7.51065e-06, -1.295e-06, 4.44001e-06, -0.999996, 1.92062e-06, 0.999966, -3.94796e-06, 2.23517e-08, 0.0122932, 0)
mass = 0.49
friction = 0.0
bounce = 0.03
gravity_scale = 0.914
bone_name = "FingerRing01.L"
joint_constraints/bias = 0.3
joint_constraints/damping = 1.0
joint_constraints/impulse_clamp = 0.0

[node name="Physical Bone FingerMiddle_L" type="PhysicalBone3D" parent="ManCasual3Armature/Skeleton3D" index="13"]
transform = Transform3D(-0.120757, 0.0217727, -0.992444, -0.99267, 0.00373045, 0.120865, 0.00633399, 0.999756, 0.0211624, 0.717825, 1.49885, -0.0317098)
joint_type = 1
joint_offset = Transform3D(1, 0, 0, 0, 1, 0, 0, 0, 1, -1.73998e-06, -6.51924e-08, 0.0145245)
body_offset = Transform3D(1.00001, 0, 4.89285e-06, 6.00617e-06, 0, -1, 1.28523e-07, 1, 0, 1.66893e-06, 0.0145245, 6.51926e-08)
mass = 0.49
friction = 0.0
bounce = 0.03
gravity_scale = 0.914
bone_name = "FingerMiddle.L"
joint_constraints/bias = 0.3
joint_constraints/damping = 1.0
joint_constraints/impulse_clamp = 0.0

[node name="Physical Bone FingerMiddle01_L" type="PhysicalBone3D" parent="ManCasual3Armature/Skeleton3D" index="14"]
transform = Transform3D(-0.00681523, 0.463308, -0.886172, 0.00101606, 0.886194, 0.463313, 0.999976, 0.00225714, -0.00651208, 0.740622, 1.49271, -0.0319556)
joint_type = 1
joint_offset = Transform3D(1, 0, 0, 0, 1, 0, 0, 0, 1, 2.06924e-08, -6.89548e-08, 0.00946161)
body_offset = Transform3D(1, 2.32831e-10, -1.79326e-06, -1.01048e-07, -5.06436e-06, -1, -1.39698e-09, 1, -5.3114e-06, -3.72529e-09, 0.00946163, 1.19209e-07)
mass = 0.49
friction = 0.0
bounce = 0.03
gravity_scale = 0.914
bone_name = "FingerMiddle01.L"
joint_constraints/bias = 0.3
joint_constraints/damping = 1.0
joint_constraints/impulse_clamp = 0.0

[node name="Physical Bone FingerIndex_L" type="PhysicalBone3D" parent="ManCasual3Armature/Skeleton3D" index="15"]
transform = Transform3D(-0.00571324, -0.023173, -0.999895, -0.999957, 0.00739872, 0.00554369, 0.0072668, 0.999899, -0.023214, 0.714801, 1.49842, -0.0147806)
joint_type = 1
joint_offset = Transform3D(1, 0, 0, 0, 1, 0, 0, 0, 1, -5.97355e-08, -8.3745e-09, 0.0101282)
body_offset = Transform3D(1, 2.09548e-08, -5.87212e-06, -6.41002e-06, 8.12113e-07, -1.00018, 5.68107e-08, 1.0002, 8.27014e-07, 1.19209e-07, 0.01013, 0)
mass = 0.49
friction = 0.0
bounce = 0.03
gravity_scale = 0.914
bone_name = "FingerIndex.L"
joint_constraints/bias = 0.3
joint_constraints/damping = 1.0
joint_constraints/impulse_clamp = 0.0

[node name="Physical Bone FingerIndex01_L" type="PhysicalBone3D" parent="ManCasual3Armature/Skeleton3D" index="16"]
transform = Transform3D(-0.00699919, 0.372671, -0.928158, 0.000520481, 0.928266, 0.37227, 0.999975, 0.00212768, -0.00668969, 0.731752, 1.49563, -0.0144739)
joint_type = 1
joint_offset = Transform3D(1, 0, 0, 0, 1, 0, 0, 0, 1, -2.237e-05, -5.62176e-07, 0.00735178)
body_offset = Transform3D(1, 1.77114e-06, -2.58768e-06, -3.18605e-06, 0.000406188, -1.00005, 6.11646e-07, 1.00028, 6.02765e-05, 2.2389e-05, 0.00735217, 1.19209e-07)
mass = 0.49
friction = 0.0
bounce = 0.03
gravity_scale = 0.914
bone_name = "FingerIndex01.L"
joint_constraints/bias = 0.3
joint_constraints/damping = 1.0
joint_constraints/impulse_clamp = 0.0

[node name="Physical Bone FingerThumb_L" type="PhysicalBone3D" parent="ManCasual3Armature/Skeleton3D" index="17"]
transform = Transform3D(-0.0696975, -0.462677, -0.883833, -0.997147, 0.00625516, 0.0753653, -0.0293369, 0.886589, -0.4618, 0.674911, 1.48459, 0.00222895)
joint_type = 1
joint_offset = Transform3D(1, 0, 0, 0, 1, 0, 0, 0, 1, 3.91681e-06, 4.1681e-06, 0.0120717)
body_offset = Transform3D(1.00001, 3.42727e-07, -8.462e-06, -6.91414e-06, 9.35793e-06, -1.00005, -5.58794e-08, 1.00007, -1.69575e-05, -3.8147e-06, 0.0120723, -3.96371e-06)
mass = 0.49
friction = 0.0
bounce = 0.03
gravity_scale = 0.914
bone_name = "FingerThumb.L"
joint_constraints/bias = 0.3
joint_constraints/damping = 1.0
joint_constraints/impulse_clamp = 0.0

[node name="Physical Bone FingerThumb01_L" type="PhysicalBone3D" parent="ManCasual3Armature/Skeleton3D" index="18"]
transform = Transform3D(-0.292769, 0.0841325, -0.952473, -0.0693667, 0.991628, 0.108912, 0.953662, 0.0979562, -0.284482, 0.694741, 1.48263, 0.0105445)
joint_type = 1
joint_offset = Transform3D(1, 0, 0, 0, 1, 0, 0, 0, 1, 2.63636e-08, -3.15039e-08, 0.00961537)
body_offset = Transform3D(0.999998, -7.45058e-09, 3.57628e-07, -2.98023e-07, -9.02265e-06, -0.999999, -2.6077e-07, 1, -9.12137e-06, -2.98023e-08, 0.00961536, 1.19209e-07)
mass = 0.49
friction = 0.0
bounce = 0.03
gravity_scale = 0.914
bone_name = "FingerThumb01.L"
joint_constraints/bias = 0.3
joint_constraints/damping = 1.0
joint_constraints/impulse_clamp = 0.0

[node name="Physical Bone Neck" type="PhysicalBone3D" parent="ManCasual3Armature/Skeleton3D" index="19"]
transform = Transform3D(1, 2.37718e-07, -1.47623e-10, 5.73301e-08, -0.24172, -0.970347, -2.31114e-07, 0.970347, -0.24172, -6.43831e-12, 1.61096, -0.0280291)
joint_type = 1
joint_offset = Transform3D(1, 0, 0, 0, 1, 0, 0, 0, 1, -4.1866e-12, -2.90851e-08, 0.0481313)
body_offset = Transform3D(1, -4.00505e-10, 8.71303e-11, 1.10134e-13, -1.49012e-08, -1, 0, 1, -1.49012e-08, -7.10543e-15, 0.0481313, 2.98023e-08)
mass = 0.49
friction = 0.0
bounce = 0.03
gravity_scale = 0.914
bone_name = "Neck"
joint_constraints/bias = 0.3
joint_constraints/damping = 1.0
joint_constraints/impulse_clamp = 0.0

[node name="CollisionShape3D" type="CollisionShape3D" parent="ManCasual3Armature/Skeleton3D/Physical Bone Neck" index="0"]
transform = Transform3D(1, 0, 0, 0, 0, 1, 0, -1, 0, 0, 0, 0)
shape = SubResource("CapsuleShape3D_sfnkq")

[node name="Physical Bone Head" type="PhysicalBone3D" parent="ManCasual3Armature/Skeleton3D" index="20"]
transform = Transform3D(-0.98915, -0.109803, -0.0978005, -0.00788331, 0.704399, -0.709782, 0.146698, -0.701345, -0.697621, 0.00723508, 1.71018, 0.0352122)
joint_type = 1
joint_offset = Transform3D(1, 0, 0, 0, 1, 0, 0, 0, 1, 2.19792e-07, -9.38773e-07, 0.0739768)
body_offset = Transform3D(-0.98915, -0.109803, -0.0978003, -2.79397e-09, 0.66575, -0.746195, 0.146909, -0.738133, -0.658528, 0.00723507, 0.0552018, 0.0487151)
mass = 0.49
friction = 0.0
bounce = 0.03
gravity_scale = 0.914
bone_name = "Head"
joint_constraints/bias = 0.3
joint_constraints/damping = 1.0
joint_constraints/impulse_clamp = 0.0

[node name="CollisionShape3D" type="CollisionShape3D" parent="ManCasual3Armature/Skeleton3D/Physical Bone Head" index="0"]
transform = Transform3D(1, 0, 0, 0, 0, 1, 0, -1, 0, 0, 0, 0)
shape = SubResource("CapsuleShape3D_fgrym")

[node name="Physical Bone Shoulder_R" type="PhysicalBone3D" parent="ManCasual3Armature/Skeleton3D" index="21"]
transform = Transform3D(-2.20688e-07, -0.434069, 0.90088, -8.02863e-07, 0.90088, 0.434069, -1, -5.96047e-07, -5.45804e-07, -0.0730998, 1.52904, -0.0396634)
joint_type = 1
joint_offset = Transform3D(1, 0, 0, 0, 1, 0, 0, 0, 1, 4.49403e-10, 3.86918e-08, 0.0811427)
body_offset = Transform3D(1, 5.68434e-14, -5.53842e-09, -4.14599e-09, -2.38419e-07, -1, 2.27374e-13, 1, -4.76837e-07, 0, 0.0811427, 0)
mass = 0.49
friction = 0.0
bounce = 0.03
gravity_scale = 0.914
bone_name = "Shoulder.R"
joint_constraints/bias = 0.3
joint_constraints/damping = 1.0
joint_constraints/impulse_clamp = 0.0

[node name="CollisionShape3D" type="CollisionShape3D" parent="ManCasual3Armature/Skeleton3D/Physical Bone Shoulder_R" index="0"]
transform = Transform3D(1, 0, 0, 0, 0, 1, 0, -1, 0, 0, 0, 0)
shape = SubResource("CapsuleShape3D_y6fxi")

[node name="Physical Bone UpperArm_R" type="PhysicalBone3D" parent="ManCasual3Armature/Skeleton3D" index="22"]
transform = Transform3D(0.0266576, -0.00805008, 0.999612, 0.00356587, 0.999962, 0.00795968, -0.999588, 0.0033529, 0.0266838, -0.284218, 1.49294, -0.0433428)
joint_type = 1
joint_offset = Transform3D(1, 0, 0, 0, 1, 0, 0, 0, 1, 4.08913e-06, -0.000218356, 0.13807)
body_offset = Transform3D(0.99995, 0, 2.5332e-07, -2.60025e-06, 5.63829e-07, -1, -3.54834e-07, 1, 2.3351e-06, -4.1239e-06, 0.13807, 0.000218034)
mass = 0.49
friction = 0.0
bounce = 0.03
gravity_scale = 0.914
bone_name = "UpperArm.R"
joint_constraints/bias = 0.3
joint_constraints/damping = 1.0
joint_constraints/impulse_clamp = 0.0

[node name="CollisionShape3D" type="CollisionShape3D" parent="ManCasual3Armature/Skeleton3D/Physical Bone UpperArm_R" index="0"]
transform = Transform3D(1, 0, 0, 0, 0, 1, 0, -1, 0, 0, 0, 0)
shape = SubResource("CapsuleShape3D_6bcac")

[node name="Physical Bone LowerArm_R" type="PhysicalBone3D" parent="ManCasual3Armature/Skeleton3D" index="23"]
transform = Transform3D(-0.0528059, 0.0207564, 0.998389, 0.00164941, 0.999784, -0.020698, -0.998604, 0.000553776, -0.0528301, -0.511413, 1.49158, -0.0423002)
joint_type = 1
joint_offset = Transform3D(1, 0, 0, 0, 1, 0, 0, 0, 1, 1.75235e-05, 0.00188563, 0.0892635)
body_offset = Transform3D(1, 2.8871e-08, 1.33738e-06, 4.84288e-08, 2.09164e-07, -1, 5.82077e-11, 1, 2.09726e-07, -1.7643e-05, 0.0892635, -0.00188565)
mass = 0.49
friction = 0.0
bounce = 0.03
gravity_scale = 0.914
bone_name = "LowerArm.R"
joint_constraints/bias = 0.3
joint_constraints/damping = 1.0
joint_constraints/impulse_clamp = 0.0

[node name="CollisionShape3D" type="CollisionShape3D" parent="ManCasual3Armature/Skeleton3D/Physical Bone LowerArm_R" index="0"]
transform = Transform3D(1, 0, 0, 0, 0, 1, 0, -1, 0, 0, 0, 0)
shape = SubResource("CapsuleShape3D_8e7ct")

[node name="Physical Bone Hand_R" type="PhysicalBone3D" parent="ManCasual3Armature/Skeleton3D" index="24"]
transform = Transform3D(-0.00199259, -0.270055, 0.962846, 0.990716, -0.140295, -0.0372533, 0.144785, 0.952717, 0.267483, -0.648708, 1.49729, -0.0509647)
joint_type = 1
joint_offset = Transform3D(1, 0, 0, 0, 1, 0, 0, 0, 1, -0.000108885, 1.05602e-05, 0.0499968)
body_offset = Transform3D(-0.146552, -0.964658, -0.219406, 1.81468e-06, 0.2218, -0.975094, 0.990458, -0.143255, -0.032562, 0.0109639, 0.0487493, 0.00173736)
mass = 0.49
friction = 0.0
bounce = 0.03
gravity_scale = 0.914
bone_name = "Hand.R"
joint_constraints/bias = 0.3
joint_constraints/damping = 1.0
joint_constraints/impulse_clamp = 0.0

[node name="CollisionShape3D" type="CollisionShape3D" parent="ManCasual3Armature/Skeleton3D/Physical Bone Hand_R" index="0"]
transform = Transform3D(1, 0, 0, 0, 0, 1, 0, -1, 0, 0, 0, 0)
shape = SubResource("CapsuleShape3D_pj2mp")

[node name="Physical Bone FingerLittle_R" type="PhysicalBone3D" parent="ManCasual3Armature/Skeleton3D" index="25"]
transform = Transform3D(0.0274706, -0.0647284, 0.997508, 0.999464, 0.00656789, -0.0271012, -0.00479363, 0.997876, 0.0648842, -0.707638, 1.49932, -0.0650389)
joint_type = 1
joint_offset = Transform3D(1, 0, 0, 0, 1, 0, 0, 0, 1, 4.25705e-06, -3.11203e-07, 0.0108423)
body_offset = Transform3D(0.999853, 2.38419e-07, 3.23876e-06, -1.07291e-06, -4.47035e-08, -0.999983, 2.52761e-06, 0.999995, 1.21444e-06, -4.29153e-06, 0.0108421, 2.98023e-07)
mass = 0.49
friction = 0.0
bounce = 0.03
gravity_scale = 0.914
bone_name = "FingerLittle.R"
joint_constraints/bias = 0.3
joint_constraints/damping = 1.0
joint_constraints/impulse_clamp = 0.0

[node name="Physical Bone FingerLittle01_R" type="PhysicalBone3D" parent="ManCasual3Armature/Skeleton3D" index="26"]
transform = Transform3D(0.0218625, -0.237721, 0.971405, 0.00702184, 0.973656, 0.236388, -0.999736, 0.00163839, 0.0229006, -0.72837, 1.4972, -0.0659757)
joint_type = 1
joint_offset = Transform3D(1, 0, 0, 0, 1, 0, 0, 0, 1, -4.77509e-08, -1.08917e-06, 0.0102283)
body_offset = Transform3D(1, 8.15955e-07, 2.98023e-07, -2.34507e-06, 0.000726776, -1.00002, 9.45758e-07, 1.00226, 1.83261e-06, 4.47035e-08, 0.0102284, 1.07288e-06)
mass = 0.49
friction = 0.0
bounce = 0.03
gravity_scale = 0.914
bone_name = "FingerLittle01.R"
joint_constraints/bias = 0.3
joint_constraints/damping = 1.0
joint_constraints/impulse_clamp = 0.0

[node name="Physical Bone FingerRing_R" type="PhysicalBone3D" parent="ManCasual3Armature/Skeleton3D" index="27"]
transform = Transform3D(-0.00268643, -0.0584899, 0.998267, 0.999117, 0.00772383, 0.00313919, -0.0078895, 0.998258, 0.0584649, -0.714636, 1.50025, -0.0478596)
joint_type = 1
joint_offset = Transform3D(1, 0, 0, 0, 1, 0, 0, 0, 1, 0.000428452, -1.08583e-05, 0.0106803)
body_offset = Transform3D(0.999153, 0, -1.19009e-05, -5.16174e-06, 1.3411e-07, -0.999983, -1.63727e-06, 1, -1.06916e-06, -0.000427961, 0.0106801, 1.08704e-05)
mass = 0.49
friction = 0.0
bounce = 0.03
gravity_scale = 0.914
bone_name = "FingerRing.R"
joint_constraints/bias = 0.3
joint_constraints/damping = 1.0
joint_constraints/impulse_clamp = 0.0

[node name="Physical Bone FingerRing01_R" type="PhysicalBone3D" parent="ManCasual3Armature/Skeleton3D" index="28"]
transform = Transform3D(-0.00542229, -0.422584, 0.906307, -0.000225306, 0.906321, 0.42259, -1, 0.0020892, -0.00501194, -0.736418, 1.49544, -0.0484353)
joint_type = 1
joint_offset = Transform3D(1, 0, 0, 0, 1, 0, 0, 0, 1, -2.10806e-08, -1.35549e-08, 0.0122951)
body_offset = Transform3D(1.00001, -1.9283e-06, 2.62354e-06, 1.72295e-07, 3.62466e-07, -1, -1.0943e-08, 1, 1.10246e-06, -1.11759e-08, 0.0122951, 0)
mass = 0.49
friction = 0.0
bounce = 0.03
gravity_scale = 0.914
bone_name = "FingerRing01.R"
joint_constraints/bias = 0.3
joint_constraints/damping = 1.0
joint_constraints/impulse_clamp = 0.0

[node name="Physical Bone FingerMiddle_R" type="PhysicalBone3D" parent="ManCasual3Armature/Skeleton3D" index="29"]
transform = Transform3D(-0.120764, -0.0217756, 0.992464, 0.992665, 0.00373123, 0.120875, -0.00633462, 0.999878, 0.0211626, -0.717823, 1.49885, -0.0317095)
joint_type = 1
joint_offset = Transform3D(1, 0, 0, 0, 1, 0, 0, 0, 1, -3.8677e-07, 3.38751e-08, 0.0145212)
body_offset = Transform3D(1, -2.66824e-07, 2.00701e-06, 1.9406e-06, 4.787e-07, -1.00002, -8.05594e-08, 1.00012, -2.42144e-08, 3.57628e-07, 0.0145215, -3.35276e-08)
mass = 0.49
friction = 0.0
bounce = 0.03
gravity_scale = 0.914
bone_name = "FingerMiddle.R"
joint_constraints/bias = 0.3
joint_constraints/damping = 1.0
joint_constraints/impulse_clamp = 0.0

[node name="Physical Bone FingerMiddle01_R" type="PhysicalBone3D" parent="ManCasual3Armature/Skeleton3D" index="30"]
transform = Transform3D(-0.00681015, -0.463304, 0.886173, -0.00101301, 0.886196, 0.463308, -0.99872, 0.00226507, -0.00651054, -0.740622, 1.49271, -0.0319553)
joint_type = 1
joint_offset = Transform3D(1, 0, 0, 0, 1, 0, 0, 0, 1, -5.91139e-10, 1.48928e-08, 0.00946168)
body_offset = Transform3D(0.998744, 2.32831e-10, 6.23986e-08, 2.13319e-06, -1.5551e-06, -1, -4.68805e-06, 1, -1.57401e-06, 0, 0.00946168, 0)
mass = 0.49
friction = 0.0
bounce = 0.03
gravity_scale = 0.914
bone_name = "FingerMiddle01.R"
joint_constraints/bias = 0.3
joint_constraints/damping = 1.0
joint_constraints/impulse_clamp = 0.0

[node name="Physical Bone FingerIndex_R" type="PhysicalBone3D" parent="ManCasual3Armature/Skeleton3D" index="31"]
transform = Transform3D(-0.00572071, 0.0231708, 0.999715, 1, 0.00739766, 0.00554709, -0.00726684, 0.999704, -0.0232109, -0.714801, 1.49842, -0.0147808)
joint_type = 1
joint_offset = Transform3D(1, 0, 0, 0, 1, 0, 0, 0, 1, -1.03013e-07, 4.67524e-07, 0.0101299)
body_offset = Transform3D(1.00004, -2.31899e-07, 1.01697e-05, 1.36022e-05, -1.22935e-06, -1, 6.13276e-07, 1, 0, 0, 0.0101299, -4.67524e-07)
mass = 0.49
friction = 0.0
bounce = 0.03
gravity_scale = 0.914
bone_name = "FingerIndex.R"
joint_constraints/bias = 0.3
joint_constraints/damping = 1.0
joint_constraints/impulse_clamp = 0.0

[node name="Physical Bone FingerIndex01_R" type="PhysicalBone3D" parent="ManCasual3Armature/Skeleton3D" index="32"]
transform = Transform3D(-0.0069882, -0.372211, 0.928121, -0.000540578, 0.928146, 0.372217, -1, 0.00209941, -0.00669233, -0.731752, 1.49563, -0.014496)
joint_type = 1
joint_offset = Transform3D(1, 0, 0, 0, 1, 0, 0, 0, 1, -3.87257e-08, 3.46984e-07, 0.00735256)
body_offset = Transform3D(1.00002, 4.65661e-10, 5.26709e-06, 3.58559e-08, 1.49215e-06, -1, -1.07102e-08, 1, 1.44765e-06, 0, 0.00735256, -3.57628e-07)
mass = 0.49
friction = 0.0
bounce = 0.03
gravity_scale = 0.914
bone_name = "FingerIndex01.R"
joint_constraints/bias = 0.3
joint_constraints/damping = 1.0
joint_constraints/impulse_clamp = 0.0

[node name="Physical Bone FingerThumb_R" type="PhysicalBone3D" parent="ManCasual3Armature/Skeleton3D" index="33"]
transform = Transform3D(-0.0696863, 0.462656, 0.883798, 0.997137, 0.00629514, 0.0753543, 0.0293394, 0.886515, -0.461764, -0.674911, 1.48459, 0.00223348)
joint_type = 1
joint_offset = Transform3D(1, 0, 0, 0, 1, 0, 0, 0, 1, -7.40529e-08, 8.58732e-08, 0.0120743)
body_offset = Transform3D(1, 4.60912e-05, 6.13276e-06, 4.07547e-06, -1.04308e-05, -1, -3.53903e-08, 1, -2.17557e-06, 0, 0.0120744, -5.96046e-08)
mass = 0.49
friction = 0.0
bounce = 0.03
gravity_scale = 0.914
bone_name = "FingerThumb.R"
joint_constraints/bias = 0.3
joint_constraints/damping = 1.0
joint_constraints/impulse_clamp = 0.0

[node name="Physical Bone FingerThumb01_R" type="PhysicalBone3D" parent="ManCasual3Armature/Skeleton3D" index="34"]
transform = Transform3D(-0.292768, -0.0841544, 0.952469, 0.0693408, 0.991624, 0.108927, -0.953666, 0.0979358, -0.284475, -0.69474, 1.48263, 0.0105445)
joint_type = 1
joint_offset = Transform3D(1, 0, 0, 0, 1, 0, 0, 0, 1, 8.88301e-08, 1.18958e-06, 0.00961473)
body_offset = Transform3D(1, -2.68221e-07, -6.13928e-06, -1.43051e-06, -1.22022e-05, -0.999994, 0, 0.999996, -1.2137e-05, -2.98023e-08, 0.00961468, -1.07288e-06)
mass = 0.49
friction = 0.0
bounce = 0.03
gravity_scale = 0.914
bone_name = "FingerThumb01.R"
joint_constraints/bias = 0.3
joint_constraints/damping = 1.0
joint_constraints/impulse_clamp = 0.0

[node name="Physical Bone UpperLeg_L" type="PhysicalBone3D" parent="ManCasual3Armature/Skeleton3D" index="35"]
transform = Transform3D(0.000144741, -1.00067, 0.0330872, -0.0202559, 0.0331179, 0.999248, -0.999854, -0.000817367, -0.0202388, 0.0770992, 0.727225, -0.00860347)
joint_type = 1
joint_offset = Transform3D(1, 0, 0, 0, 1, 0, 0, 0, 1, 4.10988e-09, 8.27751e-08, 0.206668)
body_offset = Transform3D(1.00006, 1.38156e-06, -1.86265e-09, -2.04891e-08, -1.92267e-07, -1, -9.42964e-09, 1.00123, 1.35733e-08, -3.72529e-09, 0.206668, -8.56817e-08)
mass = 0.49
friction = 0.0
bounce = 0.03
gravity_scale = 0.914
bone_name = "UpperLeg.L"
joint_constraints/bias = 0.3
joint_constraints/damping = 1.0
joint_constraints/impulse_clamp = 0.0

[node name="CollisionShape3D" type="CollisionShape3D" parent="ManCasual3Armature/Skeleton3D/Physical Bone UpperLeg_L" index="0"]
transform = Transform3D(1, 0, 0, 0, 0, 1, 0, -1, 0, 0, 0, 0)
shape = SubResource("CapsuleShape3D_oj6y2")

[node name="Physical Bone LowerLeg_L" type="PhysicalBone3D" parent="ManCasual3Armature/Skeleton3D" index="36"]
transform = Transform3D(0.999445, 0.00168056, 0.0329414, -0.0329822, 0.0465045, 0.998374, 0.000146139, -0.998916, 0.0465348, 0.0637012, 0.321888, -0.0136883)
joint_type = 1
joint_offset = Transform3D(1, 0, 0, 0, 1, 0, 0, 0, 1, -4.66504e-07, 1.67859e-07, 0.199154)
body_offset = Transform3D(1, 5.67816e-08, 1.38844e-06, -5.59521e-09, 7.45058e-09, -1, -1.3315e-08, 1, -1.78814e-07, 1.8999e-07, 0.199154, -1.32248e-07)
mass = 0.49
friction = 0.0
bounce = 0.03
gravity_scale = 0.914
bone_name = "LowerLeg.L"
joint_constraints/bias = 0.3
joint_constraints/damping = 1.0
joint_constraints/impulse_clamp = 0.0

[node name="CollisionShape3D" type="CollisionShape3D" parent="ManCasual3Armature/Skeleton3D/Physical Bone LowerLeg_L" index="0"]
transform = Transform3D(1, 0, 0, 0, 0, 1, 0, -1, 0, 0, 0, 0)
shape = SubResource("CapsuleShape3D_nfpnt")

[node name="Physical Bone Foot_L" type="PhysicalBone3D" parent="ManCasual3Armature/Skeleton3D" index="37"]
transform = Transform3D(-0.998522, 0.00145747, 0.00341332, 0.00370335, 0.394457, 0.918906, -1.8817e-06, 0.918913, -0.394452, 0.0568866, 0.0790677, -0.00406974)
joint_type = 1
joint_offset = Transform3D(1, 0, 0, 0, 1, 0, 0, 0, 1, -9.11686e-05, -1.86676e-07, 0.0478786)
body_offset = Transform3D(0.99854, -9.54969e-12, -5.27918e-06, -1.26245e-06, 0, -0.999996, 4.21364e-06, 1, 6.82473e-06, 9.12882e-05, 0.0478784, -1.39698e-07)
mass = 0.49
friction = 0.0
bounce = 0.03
gravity_scale = 0.914
bone_name = "Foot.L"
joint_constraints/bias = 0.3
joint_constraints/damping = 1.0
joint_constraints/impulse_clamp = 0.0

[node name="CollisionShape3D" type="CollisionShape3D" parent="ManCasual3Armature/Skeleton3D/Physical Bone Foot_L" index="0"]
transform = Transform3D(1, 0, 0, 0, 0, 1, 0, -1, 0, 0, 0, 0)
shape = SubResource("CapsuleShape3D_m2tsp")

[node name="Physical Bone UpperLeg_R" type="PhysicalBone3D" parent="ManCasual3Armature/Skeleton3D" index="38"]
transform = Transform3D(0.000130374, 0.999454, -0.0330573, 0.0202865, 0.0330453, 0.999247, 0.999794, -0.000803761, -0.0202709, -0.0771058, 0.727218, -0.00859657)
joint_type = 1
joint_offset = Transform3D(1, 0, 0, 0, 1, 0, 0, 0, 1, -1.23461e-07, 7.00505e-07, 0.206675)
body_offset = Transform3D(1, 0, 5.25266e-07, 3.61353e-07, -2.71029e-09, -0.999999, -2.85322e-06, 1, -2.50619e-06, 1.49012e-08, 0.206675, -1.82539e-07)
mass = 0.49
friction = 0.0
bounce = 0.03
gravity_scale = 0.914
bone_name = "UpperLeg.R"
joint_constraints/bias = 0.3
joint_constraints/damping = 1.0
joint_constraints/impulse_clamp = 0.0

[node name="CollisionShape3D" type="CollisionShape3D" parent="ManCasual3Armature/Skeleton3D/Physical Bone UpperLeg_R" index="0"]
transform = Transform3D(1, 0, 0, 0, 0, 1, 0, -1, 0, 0, 0, 0)
shape = SubResource("CapsuleShape3D_vbjsv")

[node name="Physical Bone LowerLeg_R" type="PhysicalBone3D" parent="ManCasual3Armature/Skeleton3D" index="39"]
transform = Transform3D(0.999458, -0.00166697, -0.0329091, 0.0329565, 0.0464845, 0.99844, -0.000131057, -0.999123, 0.0465069, -0.0637192, 0.321874, -0.0136682)
joint_type = 1
joint_offset = Transform3D(1, 0, 0, 0, 1, 0, 0, 0, 1, -1.4569e-06, 1.22862e-06, 0.199155)
body_offset = Transform3D(1, -4.4558e-08, 2.11528e-06, -5.67016e-06, -3.5055e-06, -1.00006, -3.17725e-06, 1.0002, -2.75671e-06, 1.03563e-06, 0.199168, -6.79865e-07)
mass = 0.49
friction = 0.0
bounce = 0.03
gravity_scale = 0.914
bone_name = "LowerLeg.R"
joint_constraints/bias = 0.3
joint_constraints/damping = 1.0
joint_constraints/impulse_clamp = 0.0

[node name="CollisionShape3D" type="CollisionShape3D" parent="ManCasual3Armature/Skeleton3D/Physical Bone LowerLeg_R" index="0"]
transform = Transform3D(1, 0, 0, 0, 0, 1, 0, -1, 0, 0, 0, 0)
shape = SubResource("CapsuleShape3D_nh2k3")

[node name="Physical Bone Foot_R" type="PhysicalBone3D" parent="ManCasual3Armature/Skeleton3D" index="40"]
transform = Transform3D(-0.999994, -0.00146467, -0.00337019, -0.00366617, 0.394488, 0.918894, -1.82066e-05, 0.9189, -0.394491, -0.0569842, 0.0790702, -0.00405147)
joint_type = 1
joint_offset = Transform3D(1, 0, 0, 0, 1, 0, 0, 0, 1, 2.12858e-05, 7.97997e-06, 0.0478714)
body_offset = Transform3D(1, 4.77485e-10, 1.0727e-08, -8.58396e-06, 2.08616e-07, -1, 1.62623e-06, 1, 2.98023e-08, -2.12863e-05, 0.0478714, -7.98143e-06)
mass = 0.49
friction = 0.0
bounce = 0.03
gravity_scale = 0.914
bone_name = "Foot.R"
joint_constraints/bias = 0.3
joint_constraints/damping = 1.0
joint_constraints/impulse_clamp = 0.0

[node name="CollisionShape3D" type="CollisionShape3D" parent="ManCasual3Armature/Skeleton3D/Physical Bone Foot_R" index="0"]
transform = Transform3D(1, 0, 0, 0, 0, 1, 0, -1, 0, 0, 0, 0)
shape = SubResource("CapsuleShape3D_mi2yi")
