[gd_scene load_steps=22 format=3 uid="uid://b30st27yfqklm"]

[ext_resource type="PackedScene" uid="uid://b7jcc3qe7mf4o" path="res://models/comic/jerry_animated.glb" id="1_gfmcw"]

[sub_resource type="CapsuleShape3D" id="CapsuleShape3D_2cldv"]
radius = 0.0105605
height = 0.105605

[sub_resource type="CapsuleShape3D" id="CapsuleShape3D_wplfk"]
radius = 0.0196406
height = 0.196406

[sub_resource type="CapsuleShape3D" id="CapsuleShape3D_5ky1d"]
radius = 0.0147528
height = 0.147528

[sub_resource type="CapsuleShape3D" id="CapsuleShape3D_xb5t3"]
radius = 0.0147096
height = 0.147096

[sub_resource type="CapsuleShape3D" id="CapsuleShape3D_ggym8"]
radius = 0.0162285
height = 0.162285

[sub_resource type="CapsuleShape3D" id="CapsuleShape3D_npk7t"]
radius = 0.0276163
height = 0.276163

[sub_resource type="CapsuleShape3D" id="CapsuleShape3D_yw3ff"]
radius = 0.0178604
height = 0.178604

[sub_resource type="CapsuleShape3D" id="CapsuleShape3D_s3yoi"]
radius = 0.00999657
height = 0.0999657

[sub_resource type="CapsuleShape3D" id="CapsuleShape3D_sfnkq"]
radius = 0.00962626
height = 0.0962626

[sub_resource type="CapsuleShape3D" id="CapsuleShape3D_fgrym"]
radius = 0.0147956
height = 0.147956

[sub_resource type="CapsuleShape3D" id="CapsuleShape3D_y6fxi"]
radius = 0.0162285
height = 0.162285

[sub_resource type="CapsuleShape3D" id="CapsuleShape3D_6bcac"]
radius = 0.0276163
height = 0.276163

[sub_resource type="CapsuleShape3D" id="CapsuleShape3D_8e7ct"]
radius = 0.0178604
height = 0.178604

[sub_resource type="CapsuleShape3D" id="CapsuleShape3D_pj2mp"]
radius = 0.00999654
height = 0.0999654

[sub_resource type="CapsuleShape3D" id="CapsuleShape3D_oj6y2"]
radius = 0.041333
height = 0.41333

[sub_resource type="CapsuleShape3D" id="CapsuleShape3D_nfpnt"]
radius = 0.0398303
height = 0.398303

[sub_resource type="CapsuleShape3D" id="CapsuleShape3D_m2tsp"]
radius = 0.00957561
height = 0.0957561

[sub_resource type="CapsuleShape3D" id="CapsuleShape3D_vbjsv"]
radius = 0.041333
height = 0.41333

[sub_resource type="CapsuleShape3D" id="CapsuleShape3D_nh2k3"]
radius = 0.0398303
height = 0.398303

[sub_resource type="CapsuleShape3D" id="CapsuleShape3D_mi2yi"]
radius = 0.0095756
height = 0.095756

[node name="jerry_animated" instance=ExtResource("1_gfmcw")]

[node name="ManCasual3Armature" parent="." index="0"]
unique_name_in_owner = true

[node name="Skeleton3D" parent="ManCasual3Armature" index="0"]
bones/4/rotation = Quaternion(0.525291, 0.267754, 0.654453, -0.47336)
bones/5/rotation = Quaternion(0.218697, -0.00128336, 0.0133872, 0.9757)
bones/30/rotation = Quaternion(0.218698, 0.00128203, -0.0133871, 0.9757)
bones/48/rotation = Quaternion(0.706062, -0.0626942, -0.704271, 0.0393632)
bones/52/rotation = Quaternion(0.706056, 0.0626945, 0.704275, 0.0393858)
bones/53/rotation = Quaternion(0.0235795, -0.706475, 0.02364, 0.70695)

[node name="ManCasual3" parent="ManCasual3Armature/Skeleton3D" index="0"]
visible = false

[node name="Physical Bone Hips" type="PhysicalBone3D" parent="ManCasual3Armature/Skeleton3D" index="1"]
transform = Transform3D(1, -3.72324e-12, -9.69225e-14, 2.73559e-13, -0.118394, -0.992967, -2.84217e-12, 0.992967, -0.118394, 2.23592e-15, 1.03007, 0.00625096)
joint_offset = Transform3D(1, 0, 0, 0, 1, 0, 0, 0, 1, 2.33841e-15, -1.80153e-08, 0.052802)
body_offset = Transform3D(1, -2.38419e-07, -1.32336e-09, 6.32659e-15, 0.00555053, -0.999985, 2.38416e-07, 0.999985, 0.00555053, 6.98694e-11, 0.0528012, -0.000293061)
mass = 0.49
friction = 0.0
bounce = 0.03
gravity_scale = 0.914
bone_name = "Hips"

[node name="CollisionShape3D" type="CollisionShape3D" parent="ManCasual3Armature/Skeleton3D/Physical Bone Hips" index="0"]
transform = Transform3D(1, 0, 0, 0, 0, 1, 0, -1, 0, 0, 0, 0)
shape = SubResource("CapsuleShape3D_2cldv")

[node name="Physical Bone Spine" type="PhysicalBone3D" parent="ManCasual3Armature/Skeleton3D" index="2"]
transform = Transform3D(1, 2.38419e-07, -2.06058e-13, 1.04584e-08, -0.0438475, -0.999038, -2.38278e-07, 0.999038, -0.043848, -2.46454e-13, 1.18061, 0.0168073)
joint_type = 1
joint_offset = Transform3D(1, 0, 0, 0, 1, 0, 0, 0, 1, 6.25641e-15, 1.12313e-06, 0.0982031)
body_offset = Transform3D(1, 1.56319e-13, -2.75335e-14, 5.08926e-13, 4.84288e-08, -1, -8.8491e-11, 1, -4.35859e-07, -3.55271e-15, 0.0982031, -1.08033e-06)
mass = 0.49
friction = 0.0
bounce = 0.03
gravity_scale = 0.914
bone_name = "Spine"
joint_constraints/bias = 0.3
joint_constraints/damping = 1.0
joint_constraints/impulse_clamp = 0.0

[node name="CollisionShape3D" type="CollisionShape3D" parent="ManCasual3Armature/Skeleton3D/Physical Bone Spine" index="0"]
transform = Transform3D(1, 0, 0, 0, 0, 1, 0, -1, 0, 0, 0, 0)
shape = SubResource("CapsuleShape3D_wplfk")

[node name="Physical Bone Chest" type="PhysicalBone3D" parent="ManCasual3Armature/Skeleton3D" index="3"]
transform = Transform3D(1, 2.38474e-07, 6.03003e-11, -1.77495e-08, 0.0746812, -0.997207, -2.37813e-07, 0.997207, 0.0746822, -4.27286e-12, 1.3523, 0.0156051)
joint_type = 1
joint_offset = Transform3D(1, 0, 0, 0, 1, 0, 0, 0, 1, 7.32402e-14, -9.40433e-07, 0.0737817)
body_offset = Transform3D(1, 0, -1.74083e-13, -1.95399e-14, -1.56462e-07, -1, 0, 1, 9.31323e-07, -6.03961e-14, 0.0737817, 8.71718e-07)
mass = 0.49
friction = 0.0
bounce = 0.03
gravity_scale = 0.914
bone_name = "Chest"
joint_constraints/bias = 0.3
joint_constraints/damping = 1.0
joint_constraints/impulse_clamp = 0.0

[node name="CollisionShape3D" type="CollisionShape3D" parent="ManCasual3Armature/Skeleton3D/Physical Bone Chest" index="0"]
transform = Transform3D(1, 0, 0, 0, 0, 1, 0, -1, 0, 0, 0, 0)
shape = SubResource("CapsuleShape3D_5ky1d")

[node name="Physical Bone UpperChest" type="PhysicalBone3D" parent="ManCasual3Armature/Skeleton3D" index="4"]
transform = Transform3D(1, 2.3783e-07, 1.05307e-08, -7.07333e-08, 0.338285, -0.941043, -2.27974e-07, 0.941044, 0.338285, -7.8529e-10, 1.49505, -0.0147833)
joint_type = 1
joint_offset = Transform3D(1, 0, 0, 0, 1, 0, 0, 0, 1, 1.93003e-12, -3.37626e-08, 0.0735478)
body_offset = Transform3D(1, -6.31402e-10, 1.04701e-08, 1.04964e-08, 2.68221e-07, -1, 1.27898e-13, 1, 8.64267e-07, -7.71983e-10, 0.0735478, -2.98023e-08)
mass = 0.49
friction = 0.0
bounce = 0.03
gravity_scale = 0.914
bone_name = "UpperChest"
joint_constraints/bias = 0.3
joint_constraints/damping = 1.0
joint_constraints/impulse_clamp = 0.0

[node name="CollisionShape3D" type="CollisionShape3D" parent="ManCasual3Armature/Skeleton3D/Physical Bone UpperChest" index="0"]
transform = Transform3D(1, 0, 0, 0, 0, 1, 0, -1, 0, 0, 0, 0)
shape = SubResource("CapsuleShape3D_xb5t3")

[node name="Physical Bone Shoulder_L" type="PhysicalBone3D" parent="ManCasual3Armature/Skeleton3D" index="5"]
transform = Transform3D(1.19495e-07, 0.434068, -0.90088, -1.31818e-06, 0.90088, 0.434067, 1, 1.34103e-06, 4.31031e-07, 0.0730998, 1.52904, -0.0397309)
joint_type = 1
joint_offset = Transform3D(1, 0, 0, 0, 1, 0, 0, 0, 1, 6.74457e-05, 3.27889e-07, 0.0811428)
body_offset = Transform3D(1, -7.1509e-11, 1.92614e-07, 3.76842e-07, -4.47035e-07, -1, 7.46883e-08, 1, -1.10269e-06, -6.74613e-05, 0.0811428, -2.38419e-07)
mass = 0.49
friction = 0.0
bounce = 0.03
gravity_scale = 0.914
bone_name = "Shoulder.L"
joint_constraints/bias = 0.3
joint_constraints/damping = 1.0
joint_constraints/impulse_clamp = 0.0

[node name="CollisionShape3D" type="CollisionShape3D" parent="ManCasual3Armature/Skeleton3D/Physical Bone Shoulder_L" index="0"]
transform = Transform3D(1, 0, 0, 0, 0, 1, 0, -1, 0, 0, 0, 0)
shape = SubResource("CapsuleShape3D_ggym8")

[node name="Physical Bone UpperArm_L" type="PhysicalBone3D" parent="ManCasual3Armature/Skeleton3D" index="6"]
transform = Transform3D(0.0568426, 0.998421, 0.00674312, 0.0195324, -0.0078357, 1.00009, 0.998212, -0.0567019, -0.0199668, 0.145093, 1.35802, -0.0368991)
joint_type = 1
joint_offset = Transform3D(1, 0, 0, 0, 1, 0, 0, 0, 1, -4.22213e-05, 0.000193598, 0.135789)
body_offset = Transform3D(0.999297, -0.0300385, -0.0233461, 0.030028, 0.999609, -0.00068476, 0.0233356, 1.13284e-05, 1.00004, 0.00321814, -9.92715e-05, -0.135793)
mass = 0.49
friction = 0.0
bounce = 0.03
gravity_scale = 0.914
bone_name = "UpperArm.L"
joint_constraints/bias = 0.3
joint_constraints/damping = 1.0
joint_constraints/impulse_clamp = 0.0

[node name="CollisionShape3D" type="CollisionShape3D" parent="ManCasual3Armature/Skeleton3D/Physical Bone UpperArm_L" index="0"]
transform = Transform3D(1, 0, 0, 0, 0, 1, 0, -1, 0, 0, 0, 0)
shape = SubResource("CapsuleShape3D_npk7t")

[node name="Physical Bone LowerArm_L" type="PhysicalBone3D" parent="ManCasual3Armature/Skeleton3D" index="7"]
transform = Transform3D(0.0584692, 0.998084, -0.0266867, 0.098866, 0.0208165, 0.99501, 0.993479, -0.0608054, -0.0974461, 0.146739, 1.12892, -0.0254574)
joint_type = 1
joint_offset = Transform3D(1, 0, 0, 0, 1, 0, 0, 0, 1, 0.0305245, 0.283763, 0.355545)
body_offset = Transform3D(0.988841, -0.113459, -0.0975425, 0.112905, 0.993695, -0.0111958, 0.0981816, 6.06561e-05, 0.995296, 0.0366924, -0.28144, -0.356887)
mass = 0.49
friction = 0.0
bounce = 0.03
gravity_scale = 0.914
bone_name = "LowerArm.L"
joint_constraints/bias = 0.3
joint_constraints/damping = 1.0
joint_constraints/impulse_clamp = 0.0

[node name="CollisionShape3D" type="CollisionShape3D" parent="ManCasual3Armature/Skeleton3D/Physical Bone LowerArm_L" index="0"]
transform = Transform3D(1, 0, 0, 0, 0, 1, 0, -1, 0, 0, 0, 0)
shape = SubResource("CapsuleShape3D_yw3ff")

[node name="Physical Bone Hand_L" type="PhysicalBone3D" parent="ManCasual3Armature/Skeleton3D" index="8"]
transform = Transform3D(-0.999619, -0.0817081, -0.0237327, -0.00476875, -0.226104, 0.974687, -0.084801, 0.973429, 0.224696, 0.153202, 0.990294, -0.0281125)
joint_type = 1
joint_offset = Transform3D(1, 0, 0, 0, 1, 0, 0, 0, 1, -0.445903, -0.159164, 0.479034)
body_offset = Transform3D(-0.134206, 0.967766, 0.225061, -0.994204, -0.131002, -0.0297326, 0.000683026, -0.227226, 0.974439, -0.0136211, -0.449926, -0.502651)
mass = 0.49
friction = 0.0
bounce = 0.03
gravity_scale = 0.914
bone_name = "Hand.L"
joint_constraints/bias = 0.3
joint_constraints/damping = 1.0
joint_constraints/impulse_clamp = 0.0

[node name="CollisionShape3D" type="CollisionShape3D" parent="ManCasual3Armature/Skeleton3D/Physical Bone Hand_L" index="0"]
transform = Transform3D(1, 0, 0, 0, 0, 1, 0, -1, 0, 0, 0, 0)
shape = SubResource("CapsuleShape3D_s3yoi")

[node name="Physical Bone FingerLittle_L" type="PhysicalBone3D" parent="ManCasual3Armature/Skeleton3D" index="9"]
transform = Transform3D(-0.997428, 0.067137, -0.0259823, -0.0272798, -0.0186403, 0.999553, 0.0664442, 1.00007, 0.0203652, 0.151734, 0.93175, -0.0394217)
joint_type = 1
joint_offset = Transform3D(1, 0, 0, 0, 1, 0, 0, 0, 1, -0.560806, 0.00110096, 0.552253)
body_offset = Transform3D(0.000184046, 0.0252744, -0.999781, -1.00001, 0.00157647, -0.000145696, 0.00156132, 1.00217, 0.0252045, 0.552207, -0.560733, -0.014147)
mass = 0.49
friction = 0.0
bounce = 0.03
gravity_scale = 0.914
bone_name = "FingerLittle.L"
joint_constraints/bias = 0.3
joint_constraints/damping = 1.0
joint_constraints/impulse_clamp = 0.0

[node name="Physical Bone FingerLittle01_L" type="PhysicalBone3D" parent="ManCasual3Armature/Skeleton3D" index="10"]
transform = Transform3D(0.0533992, 0.970627, 0.234589, 0.0243196, -0.236113, 0.971417, 0.998249, -0.046169, -0.0362148, 0.149645, 0.911053, -0.0392914)
joint_type = 1
joint_offset = Transform3D(1, 0, 0, 0, 1, 0, 0, 0, 1, 0.0182832, 0.414331, 0.706136)
body_offset = Transform3D(0.998983, -0.0232798, -0.0378812, 0.0232605, 0.999728, -0.00093599, 0.0378915, 5.95583e-05, 0.99928, 0.0181302, -0.413983, -0.706345)
mass = 0.49
friction = 0.0
bounce = 0.03
gravity_scale = 0.914
bone_name = "FingerLittle01.L"
joint_constraints/bias = 0.3
joint_constraints/damping = 1.0
joint_constraints/impulse_clamp = 0.0

[node name="Physical Bone FingerRing_L" type="PhysicalBone3D" parent="ManCasual3Armature/Skeleton3D" index="11"]
transform = Transform3D(-1.00132, 0.0683419, 0.00383937, 0.00301428, -0.0123536, 1.00229, 0.0683873, 1.00073, 0.0121373, 0.154092, 0.925546, -0.0220646)
joint_type = 1
joint_offset = Transform3D(1, 0, 0, 0, 1, 0, 0, 0, 1, -0.546596, 0.00520536, 0.575555)
body_offset = Transform3D(0.000216708, 0.0200638, -1.00217, -1.00361, 0.00975249, -2.87541e-05, 0.00972328, 1.00289, 0.0200761, 0.576818, -0.548603, -0.0114606)
mass = 0.49
friction = 0.0
bounce = 0.03
gravity_scale = 0.914
bone_name = "FingerRing.L"
joint_constraints/bias = 0.3
joint_constraints/damping = 1.0
joint_constraints/impulse_clamp = 0.0

[node name="Physical Bone FingerRing01_L" type="PhysicalBone3D" parent="ManCasual3Armature/Skeleton3D" index="12"]
transform = Transform3D(0.0606198, 0.906038, 0.418957, 0.0516574, -0.421993, 0.905201, 0.99746, -0.0332093, -0.0722912, 0.148977, 0.903821, -0.0213052)
joint_type = 1
joint_offset = Transform3D(1, 0, 0, 0, 1, 0, 0, 0, 1, 0.038554, 0.271171, 0.783539)
body_offset = Transform3D(0.997129, -0.0382169, -0.0743465, 0.0381066, 0.999312, -0.00319782, 0.074506, 0.000357473, 0.997298, 0.0301734, -0.269948, -0.784391)
mass = 0.49
friction = 0.0
bounce = 0.03
gravity_scale = 0.914
bone_name = "FingerRing01.L"
joint_constraints/bias = 0.3
joint_constraints/damping = 1.0
joint_constraints/impulse_clamp = 0.0

[node name="Physical Bone FingerMiddle_L" type="PhysicalBone3D" parent="ManCasual3Armature/Skeleton3D" index="13"]
transform = Transform3D(-0.990833, 0.064119, 0.119101, 0.12087, 0.0244139, 0.992369, 0.0607225, 0.99767, -0.0319402, 0.153328, 0.923114, -0.00569064)
joint_type = 1
joint_offset = Transform3D(1, 0, 0, 0, 1, 0, 0, 0, 1, -0.476777, 0.0237175, 0.639419)
body_offset = Transform3D(5.55978e-05, -0.0256585, -0.999672, -0.999239, 0.03957, -0.00106968, 0.0395852, 0.998914, -0.0256372, 0.639844, -0.476669, 0.0115745)
mass = 0.49
friction = 0.0
bounce = 0.03
gravity_scale = 0.914
bone_name = "FingerMiddle.L"
joint_constraints/bias = 0.3
joint_constraints/damping = 1.0
joint_constraints/impulse_clamp = 0.0

[node name="Physical Bone FingerMiddle01_L" type="PhysicalBone3D" parent="ManCasual3Armature/Skeleton3D" index="14"]
transform = Transform3D(0.0613397, 0.886026, 0.459555, 0.0529803, -0.462668, 0.884948, 0.996673, -0.029935, -0.0753199, 0.147249, 0.900385, -0.00451594)
joint_type = 1
joint_offset = Transform3D(1, 0, 0, 0, 1, 0, 0, 0, 1, 0.0400861, 0.243064, 0.798965)
body_offset = Transform3D(0.996285, -0.0364425, -0.0775508, 0.0362989, 0.999336, -0.0032581, 0.0776196, 0.00042596, 0.996982, 0.0308811, -0.241755, -0.799769)
mass = 0.49
friction = 0.0
bounce = 0.03
gravity_scale = 0.914
bone_name = "FingerMiddle01.L"
joint_constraints/bias = 0.3
joint_constraints/damping = 1.0
joint_constraints/impulse_clamp = 0.0

[node name="Physical Bone FingerIndex_L" type="PhysicalBone3D" parent="ManCasual3Armature/Skeleton3D" index="15"]
transform = Transform3D(-0.997792, 0.0676879, 0.00129194, 0.00599066, 0.0693092, 0.997824, 0.0673964, 0.995658, -0.0695706, 0.153909, 0.927008, 0.0110723)
joint_type = 1
joint_offset = Transform3D(1, 0, 0, 0, 1, 0, 0, 0, 1, -0.547791, 0.050879, 0.572472)
body_offset = Transform3D(0.000192735, -0.0624571, -0.998295, -0.995977, 0.0903943, -0.00584715, 0.0905386, 0.994308, -0.0621988, 0.574779, -0.546839, 0.0346139)
mass = 0.49
friction = 0.0
bounce = 0.03
gravity_scale = 0.914
bone_name = "FingerIndex.L"
joint_constraints/bias = 0.3
joint_constraints/damping = 1.0
joint_constraints/impulse_clamp = 0.0

[node name="Physical Bone FingerIndex01_L" type="PhysicalBone3D" parent="ManCasual3Armature/Skeleton3D" index="16"]
transform = Transform3D(0.0608453, 0.927809, 0.368562, 0.0531653, -0.37219, 0.926877, 0.996731, -0.0367817, -0.0719317, 0.151186, 0.910042, 0.0123328)
joint_type = 1
joint_offset = Transform3D(1, 0, 0, 0, 1, 0, 0, 0, 1, 0.0393913, 0.314405, 0.758729)
body_offset = Transform3D(0.996308, -0.0434649, -0.0740277, 0.0433492, 0.999409, -0.00338524, 0.074107, -0.000208782, 0.997307, 0.0305866, -0.313358, -0.759539)
mass = 0.49
friction = 0.0
bounce = 0.03
gravity_scale = 0.914
bone_name = "FingerIndex01.L"
joint_constraints/bias = 0.3
joint_constraints/damping = 1.0
joint_constraints/impulse_clamp = 0.0

[node name="Physical Bone FingerThumb_L" type="PhysicalBone3D" parent="ManCasual3Armature/Skeleton3D" index="17"]
transform = Transform3D(-0.997294, 0.0584346, 0.0448493, 0.0682165, 0.503123, 0.861601, 0.0277765, 0.862353, -0.50578, 0.14102, 0.967604, 0.0270321)
joint_type = 1
joint_offset = Transform3D(1, 0, 0, 0, 1, 0, 0, 0, 1, -0.487308, 0.264914, 0.48497)
body_offset = Transform3D(0.000665203, -0.531051, -0.847424, -0.87372, 0.411935, -0.258836, 0.48645, 0.740605, -0.463743, 0.551982, -0.40937, 0.265756)
mass = 0.49
friction = 0.0
bounce = 0.03
gravity_scale = 0.914
bone_name = "FingerThumb.L"
joint_constraints/bias = 0.3
joint_constraints/damping = 1.0
joint_constraints/impulse_clamp = 0.0

[node name="Physical Bone FingerThumb01_L" type="PhysicalBone3D" parent="ManCasual3Armature/Skeleton3D" index="18"]
transform = Transform3D(-0.012518, 0.99596, 0.0888401, 0.336483, -0.0794692, 0.938325, 0.941599, 0.0416425, -0.334133, 0.139621, 0.948178, 0.0363572)
joint_type = 1
joint_offset = Transform3D(1, 0, 0, 0, 1, 0, 0, 0, 1, 0.146472, 0.500019, 0.560519)
body_offset = Transform3D(0.878293, -0.246361, -0.409749, 0.219294, 0.969129, -0.11264, 0.42485, 0.00907569, 0.905213, 0.224212, -0.453566, -0.574156)
mass = 0.49
friction = 0.0
bounce = 0.03
gravity_scale = 0.914
bone_name = "FingerThumb01.L"
joint_constraints/bias = 0.3
joint_constraints/damping = 1.0
joint_constraints/impulse_clamp = 0.0

[node name="Physical Bone Neck" type="PhysicalBone3D" parent="ManCasual3Armature/Skeleton3D" index="19"]
transform = Transform3D(1, 2.37456e-07, -8.2295e-11, 5.73301e-08, -0.241719, -0.970346, -2.31114e-07, 0.970346, -0.241719, -6.43832e-12, 1.61096, -0.0280292)
joint_type = 1
joint_offset = Transform3D(1, 0, 0, 0, 1, 0, 0, 0, 1, -7.33039e-12, -3.12367e-08, 0.0481313)
body_offset = Transform3D(1, -6.62169e-10, 1.52447e-10, 1.10134e-13, 1.49012e-08, -1, 0, 1, 2.98023e-08, -7.10543e-15, 0.0481313, 2.98023e-08)
mass = 0.49
friction = 0.0
bounce = 0.03
gravity_scale = 0.914
bone_name = "Neck"
joint_constraints/bias = 0.3
joint_constraints/damping = 1.0
joint_constraints/impulse_clamp = 0.0

[node name="CollisionShape3D" type="CollisionShape3D" parent="ManCasual3Armature/Skeleton3D/Physical Bone Neck" index="0"]
transform = Transform3D(1, 0, 0, 0, 0, 1, 0, -1, 0, 0, 0, 0)
shape = SubResource("CapsuleShape3D_sfnkq")

[node name="Physical Bone Head" type="PhysicalBone3D" parent="ManCasual3Armature/Skeleton3D" index="20"]
transform = Transform3D(-0.98915, -0.10994, -0.0978005, -0.00788331, 0.7044, -0.709782, 0.146698, -0.701344, -0.697621, 0.00723508, 1.71018, 0.0352122)
joint_type = 1
joint_offset = Transform3D(1, 0, 0, 0, 1, 0, 0, 0, 1, 2.17929e-07, -9.53674e-07, 0.0739769)
body_offset = Transform3D(-0.98915, -0.10994, -0.0978003, -2.79397e-09, 0.66575, -0.746195, 0.146909, -0.738133, -0.658528, 0.00723507, 0.0552018, 0.0487151)
mass = 0.49
friction = 0.0
bounce = 0.03
gravity_scale = 0.914
bone_name = "Head"
joint_constraints/bias = 0.3
joint_constraints/damping = 1.0
joint_constraints/impulse_clamp = 0.0

[node name="CollisionShape3D" type="CollisionShape3D" parent="ManCasual3Armature/Skeleton3D/Physical Bone Head" index="0"]
transform = Transform3D(1, 0, 0, 0, 0, 1, 0, -1, 0, 0, 0, 0)
shape = SubResource("CapsuleShape3D_fgrym")

[node name="Physical Bone Shoulder_R" type="PhysicalBone3D" parent="ManCasual3Armature/Skeleton3D" index="21"]
transform = Transform3D(-2.20688e-07, -0.434069, 0.90088, -8.02863e-07, 0.90088, 0.434069, -1, -5.96047e-07, -5.44759e-07, -0.0730998, 1.52904, -0.0396634)
joint_type = 1
joint_offset = Transform3D(1, 0, 0, 0, 1, 0, 0, 0, 1, 5.34235e-10, 3.86918e-08, 0.0811427)
body_offset = Transform3D(1, 5.68434e-14, -6.58389e-09, -4.14599e-09, -2.38419e-07, -1, 2.27374e-13, 1, -4.76837e-07, 0, 0.0811427, 0)
mass = 0.49
friction = 0.0
bounce = 0.03
gravity_scale = 0.914
bone_name = "Shoulder.R"
joint_constraints/bias = 0.3
joint_constraints/damping = 1.0
joint_constraints/impulse_clamp = 0.0

[node name="CollisionShape3D" type="CollisionShape3D" parent="ManCasual3Armature/Skeleton3D/Physical Bone Shoulder_R" index="0"]
transform = Transform3D(1, 0, 0, 0, 0, 1, 0, -1, 0, 0, 0, 0)
shape = SubResource("CapsuleShape3D_y6fxi")

[node name="Physical Bone UpperArm_R" type="PhysicalBone3D" parent="ManCasual3Armature/Skeleton3D" index="22"]
transform = Transform3D(-0.00356556, -0.999924, -0.00795912, 0.0266578, -0.00805007, 0.999574, -0.999589, 0.00335252, 0.0266837, -0.145311, 1.35583, -0.0433425)
joint_type = 1
joint_offset = Transform3D(1, 0, 0, 0, 1, 0, 0, 0, 1, 3.56184e-06, -0.00021054, 0.138039)
body_offset = Transform3D(0.999227, -0.0300344, -0.0233213, 0.0300252, 0.999511, -0.000709121, 0.023334, 9.78144e-06, 0.99969, 0.00320936, 0.000308216, -0.137996)
mass = 0.49
friction = 0.0
bounce = 0.03
gravity_scale = 0.914
bone_name = "UpperArm.R"
joint_constraints/bias = 0.3
joint_constraints/damping = 1.0
joint_constraints/impulse_clamp = 0.0

[node name="CollisionShape3D" type="CollisionShape3D" parent="ManCasual3Armature/Skeleton3D/Physical Bone UpperArm_R" index="0"]
transform = Transform3D(1, 0, 0, 0, 0, 1, 0, -1, 0, 0, 0, 0)
shape = SubResource("CapsuleShape3D_6bcac")

[node name="Physical Bone LowerArm_R" type="PhysicalBone3D" parent="ManCasual3Armature/Skeleton3D" index="23"]
transform = Transform3D(-0.56893, -0.821506, -0.0376387, -0.0891191, 0.0160904, 0.99593, -0.817541, 0.56994, -0.0823686, -0.139083, 1.12883, -0.0407389)
joint_type = 1
joint_offset = Transform3D(1, 0, 0, 0, 1, 0, 0, 0, 1, 0.133921, 0.234887, 0.372465)
body_offset = Transform3D(0.846295, -0.525737, 0.0858839, 0.522979, 0.850625, 0.0538415, -0.101362, -0.000649569, 0.994889, -0.0218364, -0.289893, -0.356834)
mass = 0.49
friction = 0.0
bounce = 0.03
gravity_scale = 0.914
bone_name = "LowerArm.R"
joint_constraints/bias = 0.3
joint_constraints/damping = 1.0
joint_constraints/impulse_clamp = 0.0

[node name="CollisionShape3D" type="CollisionShape3D" parent="ManCasual3Armature/Skeleton3D/Physical Bone LowerArm_R" index="0"]
transform = Transform3D(1, 0, 0, 0, 0, 1, 0, -1, 0, 0, 0, 0)
shape = SubResource("CapsuleShape3D_8e7ct")

[node name="Physical Bone Hand_R" type="PhysicalBone3D" parent="ManCasual3Armature/Skeleton3D" index="24"]
transform = Transform3D(-0.731348, 0.664626, 0.159308, -0.00135238, -0.234565, 0.972143, 0.683809, 0.709617, 0.17216, -0.145312, 0.991281, -0.0408585)
joint_type = 1
joint_offset = Transform3D(1, 0, 0, 0, 1, 0, 0, 0, 1, 0.333506, -0.418201, 0.418036)
body_offset = Transform3D(-0.719182, -0.675397, -0.165872, 0.696566, -0.700174, -0.162551, -0.00633722, -0.232164, 0.9727, 0.0267406, -0.45717, -0.501601)
mass = 0.49
friction = 0.0
bounce = 0.03
gravity_scale = 0.914
bone_name = "Hand.R"
joint_constraints/bias = 0.3
joint_constraints/damping = 1.0
joint_constraints/impulse_clamp = 0.0

[node name="CollisionShape3D" type="CollisionShape3D" parent="ManCasual3Armature/Skeleton3D/Physical Bone Hand_R" index="0"]
transform = Transform3D(1, 0, 0, 0, 0, 1, 0, -1, 0, 0, 0, 0)
shape = SubResource("CapsuleShape3D_pj2mp")

[node name="Physical Bone FingerLittle_R" type="PhysicalBone3D" parent="ManCasual3Armature/Skeleton3D" index="25"]
transform = Transform3D(-0.824463, 0.564656, 0.0347016, 0.0226066, -0.028401, 0.999271, 0.565181, 0.824831, 0.0106569, -0.15358, 0.931943, -0.0496514)
joint_type = 1
joint_offset = Transform3D(1, 0, 0, 0, 1, 0, 0, 0, 1, 0.452546, -0.334969, 0.547747)
body_offset = Transform3D(-0.00276494, -0.016833, 0.999785, 0.786364, -0.617547, -0.00822116, 0.617499, 0.786347, 0.014951, -0.552016, -0.558222, -0.0242347)
mass = 0.49
friction = 0.0
bounce = 0.03
gravity_scale = 0.914
bone_name = "FingerLittle.R"
joint_constraints/bias = 0.3
joint_constraints/damping = 1.0
joint_constraints/impulse_clamp = 0.0

[node name="Physical Bone FingerLittle01_R" type="PhysicalBone3D" parent="ManCasual3Armature/Skeleton3D" index="26"]
transform = Transform3D(-0.575837, -0.793167, -0.205003, -0.0145702, -0.242101, 0.970354, -0.817443, 0.563021, 0.127067, -0.151839, 0.911139, -0.0510676)
joint_type = 1
joint_offset = Transform3D(1, 0, 0, 0, 1, 0, 0, 0, 1, 0.329648, 0.297792, 0.68571)
body_offset = Transform3D(0.804537, -0.581911, -0.124703, 0.581527, 0.81481, -0.0331461, 0.120667, -0.0467352, 0.991519, -0.00641534, -0.411614, -0.705755)
mass = 0.49
friction = 0.0
bounce = 0.03
gravity_scale = 0.914
bone_name = "FingerLittle01.R"
joint_constraints/bias = 0.3
joint_constraints/damping = 1.0
joint_constraints/impulse_clamp = 0.0

[node name="Physical Bone FingerRing_R" type="PhysicalBone3D" parent="ManCasual3Armature/Skeleton3D" index="27"]
transform = Transform3D(-0.825209, 0.563768, 0.00617943, -0.00764118, -0.0221571, 0.999661, 0.563275, 0.825635, 0.0226095, -0.144373, 0.925274, -0.0348287)
joint_type = 1
joint_offset = Transform3D(1, 0, 0, 0, 1, 0, 0, 0, 1, 0.451161, -0.338493, 0.571573)
body_offset = Transform3D(-0.00986531, -0.0301931, 0.999432, 0.790885, -0.611004, -0.01064, 0.610501, 0.791051, 0.0299299, -0.577018, -0.557555, -0.0247764)
mass = 0.49
friction = 0.0
bounce = 0.03
gravity_scale = 0.914
bone_name = "FingerRing.R"
joint_constraints/bias = 0.3
joint_constraints/damping = 1.0
joint_constraints/impulse_clamp = 0.0

[node name="Physical Bone FingerRing01_R" type="PhysicalBone3D" parent="ManCasual3Armature/Skeleton3D" index="28"]
transform = Transform3D(-0.569358, -0.732968, -0.372297, -0.0418056, -0.42646, 0.903539, -0.82109, 0.53003, 0.212159, -0.140223, 0.903736, -0.0374451)
joint_type = 1
joint_offset = Transform3D(1, 0, 0, 0, 1, 0, 0, 0, 1, 0.317204, 0.168414, 0.754794)
body_offset = Transform3D(0.824174, -0.525952, -0.210341, 0.529567, 0.847167, -0.043347, 0.200998, -0.0756634, 0.976667, -0.0140895, -0.277937, -0.788197)
mass = 0.49
friction = 0.0
bounce = 0.03
gravity_scale = 0.914
bone_name = "FingerRing01.R"
joint_constraints/bias = 0.3
joint_constraints/damping = 1.0
joint_constraints/impulse_clamp = 0.0

[node name="Physical Bone FingerMiddle_R" type="PhysicalBone3D" parent="ManCasual3Armature/Skeleton3D" index="29"]
transform = Transform3D(-0.816168, 0.567074, -0.111646, -0.125561, 0.0146128, 0.992009, 0.564124, 0.823689, 0.059268, -0.133907, 0.922885, -0.0222786)
joint_type = 1
joint_offset = Transform3D(1, 0, 0, 0, 1, 0, 0, 0, 1, 0.387075, -0.321945, 0.636108)
body_offset = Transform3D(-0.0296514, -0.0591927, 0.997836, 0.813238, -0.581986, -0.0103554, 0.581288, 0.811196, 0.0653856, -0.642311, -0.495564, -0.00543362)
mass = 0.49
friction = 0.0
bounce = 0.03
gravity_scale = 0.914
bone_name = "FingerMiddle.R"
joint_constraints/bias = 0.3
joint_constraints/damping = 1.0
joint_constraints/impulse_clamp = 0.0

[node name="Physical Bone FingerMiddle01_R" type="PhysicalBone3D" parent="ManCasual3Armature/Skeleton3D" index="30"]
transform = Transform3D(-0.567928, -0.715334, -0.406107, -0.0429993, -0.467052, 0.883173, -0.820314, 0.519733, 0.234688, -0.12848, 0.900152, -0.0253601)
joint_type = 1
joint_offset = Transform3D(1, 0, 0, 0, 1, 0, 0, 0, 1, 0.323443, 0.14964, 0.770788)
body_offset = Transform3D(0.82421, -0.514372, -0.232804, 0.517864, 0.853682, -0.0477728, 0.22316, -0.0813049, 0.971348, -0.0101713, -0.258422, -0.808716)
mass = 0.49
friction = 0.0
bounce = 0.03
gravity_scale = 0.914
bone_name = "FingerMiddle01.R"
joint_constraints/bias = 0.3
joint_constraints/damping = 1.0
joint_constraints/impulse_clamp = 0.0

[node name="Physical Bone FingerIndex_R" type="PhysicalBone3D" parent="ManCasual3Armature/Skeleton3D" index="31"]
transform = Transform3D(-0.825481, 0.562827, -0.0423597, -0.010655, 0.059501, 0.998171, 0.564348, 0.82441, -0.0431208, -0.12401, 0.92659, -0.00870557)
joint_type = 1
joint_offset = Transform3D(1, 0, 0, 0, 1, 0, 0, 0, 1, 0.46967, -0.298006, 0.595714)
body_offset = Transform3D(-0.0100455, 0.0502954, 0.998684, 0.838404, -0.543861, 0.0358208, 0.544976, 0.837647, -0.0367052, -0.575224, -0.577186, 0.015531)
mass = 0.49
friction = 0.0
bounce = 0.03
gravity_scale = 0.914
bone_name = "FingerIndex.R"
joint_constraints/bias = 0.3
joint_constraints/damping = 1.0
joint_constraints/impulse_clamp = 0.0

[node name="Physical Bone FingerIndex01_R" type="PhysicalBone3D" parent="ManCasual3Armature/Skeleton3D" index="32"]
transform = Transform3D(-0.569059, -0.752129, -0.33241, -0.0433725, -0.376222, 0.925513, -0.821226, 0.541072, 0.181479, -0.121151, 0.909637, -0.00960289)
joint_type = 1
joint_offset = Transform3D(1, 0, 0, 0, 1, 0, 0, 0, 1, 0.322086, 0.22995, 0.74468)
body_offset = Transform3D(0.825206, -0.5356, -0.179652, 0.538809, 0.841722, -0.0347586, 0.169829, -0.0681041, 0.983119, -0.00884317, -0.341213, -0.771148)
mass = 0.49
friction = 0.0
bounce = 0.03
gravity_scale = 0.914
bone_name = "FingerIndex01.R"
joint_constraints/bias = 0.3
joint_constraints/damping = 1.0
joint_constraints/impulse_clamp = 0.0

[node name="Physical Bone FingerThumb_R" type="PhysicalBone3D" parent="ManCasual3Armature/Skeleton3D" index="33"]
transform = Transform3D(-0.800726, 0.488475, -0.346687, -0.0732328, 0.494579, 0.866044, 0.594537, 0.718878, -0.360242, -0.103941, 0.9671, -0.00371449)
joint_type = 1
joint_offset = Transform3D(1, 0, 0, 0, 1, 0, 0, 0, 1, 0.410903, -0.017061, 0.643068)
body_offset = Transform3D(0.000215324, 0.480216, 0.877155, 0.987733, -0.137029, 0.0748016, 0.156155, 0.866382, -0.474345, -0.555966, -0.456303, 0.255653)
mass = 0.49
friction = 0.0
bounce = 0.03
gravity_scale = 0.914
bone_name = "FingerThumb.R"
joint_constraints/bias = 0.3
joint_constraints/damping = 1.0
joint_constraints/impulse_clamp = 0.0

[node name="Physical Bone FingerThumb01_R" type="PhysicalBone3D" parent="ManCasual3Armature/Skeleton3D" index="34"]
transform = Transform3D(-0.593042, -0.756763, -0.27496, -0.3276, -0.0851678, 0.940961, -0.735513, 0.64811, -0.197403, -0.0971159, 0.947598, 0.00253598)
joint_type = 1
joint_offset = Transform3D(1, 0, 0, 0, 1, 0, 0, 0, 1, 0.16949, 0.403094, 0.665207)
body_offset = Transform3D(0.852342, -0.402429, 0.334003, 0.391304, 0.914449, 0.103226, -0.346979, 0.0427143, 0.936891, -0.204428, -0.503598, -0.581635)
mass = 0.49
friction = 0.0
bounce = 0.03
gravity_scale = 0.914
bone_name = "FingerThumb01.R"
joint_constraints/bias = 0.3
joint_constraints/damping = 1.0
joint_constraints/impulse_clamp = 0.0

[node name="Physical Bone UpperLeg_L" type="PhysicalBone3D" parent="ManCasual3Armature/Skeleton3D" index="35"]
transform = Transform3D(0.000144264, -1.00089, 0.0330871, -0.0202557, 0.0331249, 0.999248, -0.999854, -0.000817032, -0.0202387, 0.077103, 0.72722, -0.00859991)
joint_type = 1
joint_offset = Transform3D(1, 0, 0, 0, 1, 0, 0, 0, 1, 3.49062e-06, 4.04562e-06, 0.206673)
body_offset = Transform3D(1.00006, 1.10466e-06, -9.12696e-08, -1.17347e-07, 1.52457e-07, -1, 2.32249e-07, 1.00145, 6.19457e-08, -3.47197e-06, 0.206673, -4.06429e-06)
mass = 0.49
friction = 0.0
bounce = 0.03
gravity_scale = 0.914
bone_name = "UpperLeg.L"
joint_constraints/bias = 0.3
joint_constraints/damping = 1.0
joint_constraints/impulse_clamp = 0.0

[node name="CollisionShape3D" type="CollisionShape3D" parent="ManCasual3Armature/Skeleton3D/Physical Bone UpperLeg_L" index="0"]
transform = Transform3D(1, 0, 0, 0, 0, 1, 0, -1, 0, 0, 0, 0)
shape = SubResource("CapsuleShape3D_oj6y2")

[node name="Physical Bone LowerLeg_L" type="PhysicalBone3D" parent="ManCasual3Armature/Skeleton3D" index="36"]
transform = Transform3D(0.999445, 0.00168008, 0.0329414, -0.0329812, 0.0465046, 0.998374, 0.000145533, -0.998916, 0.0465349, 0.0637013, 0.321888, -0.013688)
joint_type = 1
joint_offset = Transform3D(1, 0, 0, 0, 1, 0, 0, 0, 1, -4.538e-07, 4.85551e-07, 0.199154)
body_offset = Transform3D(1, -1.85828e-07, 1.43689e-06, -9.8296e-07, -3.72529e-08, -1, 4.05576e-07, 1, -2.68221e-07, 1.67638e-07, 0.199154, -4.32134e-07)
mass = 0.49
friction = 0.0
bounce = 0.03
gravity_scale = 0.914
bone_name = "LowerLeg.L"
joint_constraints/bias = 0.3
joint_constraints/damping = 1.0
joint_constraints/impulse_clamp = 0.0

[node name="CollisionShape3D" type="CollisionShape3D" parent="ManCasual3Armature/Skeleton3D/Physical Bone LowerLeg_L" index="0"]
transform = Transform3D(1, 0, 0, 0, 0, 1, 0, -1, 0, 0, 0, 0)
shape = SubResource("CapsuleShape3D_nfpnt")

[node name="Physical Bone Foot_L" type="PhysicalBone3D" parent="ManCasual3Armature/Skeleton3D" index="37"]
transform = Transform3D(-0.998298, 0.00145583, 0.00341578, 0.0036981, 0.394457, 0.918906, 9.74435e-07, 0.918913, -0.394449, 0.0568633, 0.0790678, -0.00407065)
joint_type = 1
joint_offset = Transform3D(1, 0, 0, 0, 1, 0, 0, 0, 1, -0.000114517, 4.53561e-07, 0.0478783)
body_offset = Transform3D(0.998316, 1.83198e-06, -7.88816e-06, 3.78038e-06, 9.23872e-07, -0.999995, 4.90437e-06, 1, 9.83477e-06, 0.000114702, 0.0478781, -9.23872e-07)
mass = 0.49
friction = 0.0
bounce = 0.03
gravity_scale = 0.914
bone_name = "Foot.L"
joint_constraints/bias = 0.3
joint_constraints/damping = 1.0
joint_constraints/impulse_clamp = 0.0

[node name="CollisionShape3D" type="CollisionShape3D" parent="ManCasual3Armature/Skeleton3D/Physical Bone Foot_L" index="0"]
transform = Transform3D(1, 0, 0, 0, 0, 1, 0, -1, 0, 0, 0, 0)
shape = SubResource("CapsuleShape3D_m2tsp")

[node name="Physical Bone UpperLeg_R" type="PhysicalBone3D" parent="ManCasual3Armature/Skeleton3D" index="38"]
transform = Transform3D(0.00012896, 0.999454, -0.0330573, 0.0202872, 0.0330456, 0.999247, 0.999794, -0.000802517, -0.0202693, -0.0771049, 0.727175, -0.00859419)
joint_type = 1
joint_offset = Transform3D(1, 0, 0, 0, 1, 0, 0, 0, 1, -1.96227e-06, 1.26765e-06, 0.206718)
body_offset = Transform3D(1, 6.47095e-07, 2.13087e-06, -4.00469e-07, -2.13222e-07, -0.999999, -3.70585e-06, 1, -2.47403e-06, 1.52178e-06, 0.206718, -7.56234e-07)
mass = 0.49
friction = 0.0
bounce = 0.03
gravity_scale = 0.914
bone_name = "UpperLeg.R"
joint_constraints/bias = 0.3
joint_constraints/damping = 1.0
joint_constraints/impulse_clamp = 0.0

[node name="CollisionShape3D" type="CollisionShape3D" parent="ManCasual3Armature/Skeleton3D/Physical Bone UpperLeg_R" index="0"]
transform = Transform3D(1, 0, 0, 0, 0, 1, 0, -1, 0, 0, 0, 0)
shape = SubResource("CapsuleShape3D_vbjsv")

[node name="Physical Bone LowerLeg_R" type="PhysicalBone3D" parent="ManCasual3Armature/Skeleton3D" index="39"]
transform = Transform3D(0.999453, -0.00166325, -0.0329113, 0.0329757, 0.0464869, 0.998436, -0.000126608, -0.999158, 0.0465066, -0.0636929, 0.32182, -0.0136692)
joint_type = 1
joint_offset = Transform3D(1, 0, 0, 0, 1, 0, 0, 0, 1, -2.54593e-05, 2.84028e-06, 0.199211)
body_offset = Transform3D(0.999996, 1.96711e-06, -1.28209e-07, -2.50544e-05, -4.17605e-06, -1.00006, -4.87448e-06, 1.00024, -2.61143e-06, 2.54847e-05, 0.199223, -2.32086e-06)
mass = 0.49
friction = 0.0
bounce = 0.03
gravity_scale = 0.914
bone_name = "LowerLeg.R"
joint_constraints/bias = 0.3
joint_constraints/damping = 1.0
joint_constraints/impulse_clamp = 0.0

[node name="CollisionShape3D" type="CollisionShape3D" parent="ManCasual3Armature/Skeleton3D/Physical Bone LowerLeg_R" index="0"]
transform = Transform3D(1, 0, 0, 0, 0, 1, 0, -1, 0, 0, 0, 0)
shape = SubResource("CapsuleShape3D_nh2k3")

[node name="Physical Bone Foot_R" type="PhysicalBone3D" parent="ManCasual3Armature/Skeleton3D" index="40"]
transform = Transform3D(-0.999994, -0.0014686, -0.00336892, -0.00367013, 0.394488, 0.918894, -1.87987e-05, 0.9189, -0.394491, -0.0569157, 0.0790706, -0.00405371)
joint_type = 1
joint_offset = Transform3D(1, 0, 0, 0, 1, 0, 0, 0, 1, 8.9772e-05, 9.96852e-06, 0.0478703)
body_offset = Transform3D(1, 2.24848e-06, -6.22236e-07, -4.51378e-06, 2.98023e-07, -1, 1.24838e-06, 1, 2.38419e-07, -8.97422e-05, 0.0478703, -9.98005e-06)
mass = 0.49
friction = 0.0
bounce = 0.03
gravity_scale = 0.914
bone_name = "Foot.R"
joint_constraints/bias = 0.3
joint_constraints/damping = 1.0
joint_constraints/impulse_clamp = 0.0

[node name="CollisionShape3D" type="CollisionShape3D" parent="ManCasual3Armature/Skeleton3D/Physical Bone Foot_R" index="0"]
transform = Transform3D(1, 0, 0, 0, 0, 1, 0, -1, 0, 0, 0, 0)
shape = SubResource("CapsuleShape3D_mi2yi")
