[gd_scene load_steps=31 format=3 uid="uid://ccj2hdg614r6x"]

[ext_resource type="Script" path="res://scripts/main.gd" id="1_b1maf"]
[ext_resource type="PackedScene" uid="uid://d2mrod3qas5ag" path="res://scenes/stage/stage.tscn" id="2_vo661"]
[ext_resource type="Texture2D" uid="uid://kcapb53jlbeh" path="res://art/Textures/CurtainBackground.png" id="3_a7hrh"]
[ext_resource type="PackedScene" uid="uid://dho75wjw3lpdb" path="res://scenes/items/bad items/small/badegg.tscn" id="3_ig4ll"]
[ext_resource type="PackedScene" uid="uid://bxptd8b3nb8u4" path="res://scenes/menu.tscn" id="3_py04i"]
[ext_resource type="PackedScene" uid="uid://bsegc7ynhiuw3" path="res://scenes/items/bad items/small/bottle.tscn" id="4_c4yai"]
[ext_resource type="Texture2D" uid="uid://bgq5tncga5465" path="res://art/Textures/bgwall.png" id="4_w4ekb"]
[ext_resource type="PackedScene" uid="uid://6qm3qblaon8" path="res://scenes/items/bad items/small/tomato.tscn" id="5_eela6"]
[ext_resource type="PackedScene" uid="uid://bqmwo30x358hn" path="res://scenes/audience/audience.tscn" id="5_tr2a0"]
[ext_resource type="PackedScene" uid="uid://dc8411dbc438i" path="res://scenes/dialog.tscn" id="6_gm7m2"]
[ext_resource type="Script" path="res://scripts/meta_controller_component.gd" id="6_oa1a8"]
[ext_resource type="PackedScene" uid="uid://c52n6jpt5x8yd" path="res://scenes/items/bad items/large/chair.tscn" id="6_w1yu1"]
[ext_resource type="PackedScene" uid="uid://c1ky3pnkcfhnj" path="res://scenes/items/bad items/large/plantpot.tscn" id="7_wvk6e"]
[ext_resource type="PackedScene" uid="uid://lbs7f5s2cxwr" path="res://scenes/items/bad items/large/toilet.tscn" id="8_sembv"]
[ext_resource type="PackedScene" uid="uid://bo2vqtg0xnepl" path="res://scenes/items/good_item_placeholder.tscn" id="9_6srqn"]
[ext_resource type="Script" path="res://scripts/targetedSpotlight.gd" id="10_sw7mm"]
[ext_resource type="PackedScene" uid="uid://cebm4d3qar0nq" path="res://scenes/stage/curtains.tscn" id="11_5thl5"]
[ext_resource type="Script" path="res://addons/phantom_camera/scripts/phantom_camera_host/phantom_camera_host.gd" id="12_w8i1b"]
[ext_resource type="Script" path="res://scripts/CameraHolder.gd" id="19_2cjh3"]
[ext_resource type="Script" path="res://addons/phantom_camera/scripts/phantom_camera/phantom_camera_3D.gd" id="19_wpgn2"]
[ext_resource type="Script" path="res://addons/phantom_camera/scripts/resources/tween_resource.gd" id="21_npw2q"]

[sub_resource type="BoxShape3D" id="BoxShape3D_50v41"]
size = Vector3(1.74309, 1.34277, 1)

[sub_resource type="PlaneMesh" id="PlaneMesh_tgd07"]
size = Vector2(10, 10)

[sub_resource type="StandardMaterial3D" id="StandardMaterial3D_0b7tw"]
albedo_color = Color(0, 0, 0, 1)

[sub_resource type="PlaneMesh" id="PlaneMesh_mxlwu"]
size = Vector2(5, 5)
orientation = 2

[sub_resource type="StandardMaterial3D" id="StandardMaterial3D_cgfe7"]
albedo_texture = ExtResource("3_a7hrh")

[sub_resource type="StandardMaterial3D" id="StandardMaterial3D_7k0b7"]
albedo_texture = ExtResource("4_w4ekb")

[sub_resource type="Environment" id="Environment_568cv"]
ambient_light_color = Color(0.658824, 0.658824, 0.658824, 1)

[sub_resource type="Curve3D" id="Curve3D_w80mh"]
_data = {
"points": PackedVector3Array(0, 0, 0, 0, 0, 0, -0.35438, 0.0159755, -0.0491574, 0, 0, 0, 0, 0, 0, 0.356039, -0.0380924, -0.115612),
"tilts": PackedFloat32Array(0, 0)
}
point_count = 2

[sub_resource type="Resource" id="Resource_gw4p2"]
script = ExtResource("21_npw2q")
duration = 1.0
transition = 0
ease = 0

[node name="Main" type="Node3D"]
script = ExtResource("1_b1maf")
STARTING_COMEDY_SCORE = 50.0
stage_path = NodePath("Stage")
dialog_path = NodePath("Dialog")
curtains_path = NodePath("Curtains")

[node name="Dialog" parent="." instance=ExtResource("6_gm7m2")]

[node name="Menu" parent="." instance=ExtResource("3_py04i")]

[node name="Stage" parent="." instance=ExtResource("2_vo661")]
transform = Transform3D(1, 0, 0, 0, 1, 0, 0, 0, 1, 0, 0, -2.97054)
throw_point1_path = NodePath("../ThrowPoint")
throw_point2_path = NodePath("../ThrowPoint2")
throwable_bads = Array[PackedScene]([ExtResource("3_ig4ll"), ExtResource("4_c4yai"), ExtResource("5_eela6"), ExtResource("6_w1yu1"), ExtResource("7_wvk6e"), ExtResource("8_sembv"), ExtResource("6_w1yu1"), ExtResource("3_ig4ll"), ExtResource("4_c4yai"), ExtResource("4_c4yai"), ExtResource("4_c4yai"), ExtResource("5_eela6"), ExtResource("5_eela6"), ExtResource("5_eela6"), ExtResource("5_eela6"), ExtResource("5_eela6"), ExtResource("5_eela6")])
throwable_goods = Array[PackedScene]([ExtResource("9_6srqn")])

[node name="CollisionShape3D" parent="Stage/Platform/Walls/FallTrigger" index="0"]
transform = Transform3D(1, 0, 0, 0, -0.0034732, 0.999994, 0, -0.999994, -0.0034732, 0.0246758, 0.753783, -2.18829)

[node name="Comedian" parent="Stage" index="1"]
transform = Transform3D(0.642921, 0, 0.765932, 0, 1, 0, -0.765932, 0, 0.642921, -4.11465, 1.26738, -1.86379)
collision_layer = 3
moveSpeed = 75.0
rotationSpeed = 600.0
dialog_path = NodePath("../../Dialog")

[node name="Physical Bone Hips" parent="Stage/Comedian/jerry_animated/ManCasual3Armature/Skeleton3D" index="1"]
transform = Transform3D(0.999997, -1.49012e-07, -6.33299e-08, 9.61071e-08, -0.118393, -0.992962, 2.98023e-08, 0.992966, -0.118392, 1.43051e-06, 1.03007, 0.00625324)
joint_offset = Transform3D(1, 0, 0, 0, 1, 0, 0, 0, 1, -1.18915e-06, -3.17948e-06, 0.0527972)
body_offset = Transform3D(0.999997, -2.98023e-07, -5.58794e-08, 9.31323e-08, 0.0055516, -0.99998, 2.08616e-07, 0.999984, 0.00555136, 1.19209e-06, 0.0527962, -0.000289917)

[node name="Physical Bone Spine" parent="Stage/Comedian/jerry_animated/ManCasual3Armature/Skeleton3D" index="2"]
transform = Transform3D(0.999997, 1.49012e-06, -2.23517e-08, 1.78974e-08, -0.0438469, -0.999023, -2.08616e-07, 0.999036, -0.0438469, 2.38419e-07, 1.18061, 0.0168056)
joint_offset = Transform3D(1, 0, 0, 0, 1, 0, 0, 0, 1, -7.13066e-07, 2.85884e-06, 0.0982044)
body_offset = Transform3D(0.999997, 1.2517e-06, -2.23517e-08, 7.45058e-09, 5.75557e-07, -0.999985, 0, 0.999997, 2.23517e-08, 7.15256e-07, 0.0982029, -2.86102e-06)

[node name="Physical Bone Chest" parent="Stage/Comedian/jerry_animated/ManCasual3Armature/Skeleton3D" index="3"]
transform = Transform3D(1, 1.78814e-07, 4.09782e-08, -6.31134e-08, 0.0746809, -0.9972, 1.78814e-07, 0.997205, 0.0746818, -2.6226e-06, 1.35229, 0.0156093)
joint_offset = Transform3D(1, 0, 0, 0, 1, 0, 0, 0, 1, 2.61958e-06, -4.84507e-06, 0.0737794)
body_offset = Transform3D(0.999999, 0, 4.09782e-08, -7.45058e-08, -2.03028e-07, -0.999993, 3.8743e-07, 0.999997, 1.03936e-06, -2.6226e-06, 0.0737789, 4.76837e-06)

[node name="Physical Bone UpperChest" parent="Stage/Comedian/jerry_animated/ManCasual3Armature/Skeleton3D" index="4"]
transform = Transform3D(0.999999, -2.98023e-08, 2.08616e-07, -9.25544e-07, 0.338503, -0.94108, -6.85453e-07, 0.941529, 0.338303, 2.6226e-06, 1.49505, -0.0147858)
joint_offset = Transform3D(1, 0, 0, 0, 1, 0, 0, 0, 1, -2.63905e-06, 1.54924e-06, 0.0735487)
body_offset = Transform3D(0.999999, -2.98023e-07, 2.23517e-07, -6.4075e-07, 4.13209e-05, -1.00004, -7.15256e-07, 1.00053, 4.85778e-06, 2.6226e-06, 0.0735517, -1.90735e-06)

[node name="Physical Bone Shoulder_L" parent="Stage/Comedian/jerry_animated/ManCasual3Armature/Skeleton3D" index="5"]
transform = Transform3D(-1.3411e-06, 0.434063, -0.900882, -4.78079e-07, 0.900875, 0.434063, 1.00031, 1.75834e-06, -9.53674e-07, 0.0730984, 1.52904, -0.0396566)
joint_offset = Transform3D(1, 0, 0, 0, 1, 0, 0, 0, 1, -6.57695e-06, -2.3432e-08, 0.0811398)
body_offset = Transform3D(1.00031, 4.17233e-07, -1.19209e-06, -1.2815e-06, -3.05474e-06, -1, 2.08616e-07, 0.999994, -5.58794e-06, 6.67572e-06, 0.0811398, 4.76837e-07)

[node name="Physical Bone UpperArm_L" parent="Stage/Comedian/jerry_animated/ManCasual3Armature/Skeleton3D" index="6"]
transform = Transform3D(0.597803, 0.801541, -0.0111709, 0.0363227, -0.0131662, 0.999249, 0.800769, -0.597797, -0.0369917, 0.147568, 1.35585, -0.0344043)
joint_offset = Transform3D(1, 0, 0, 0, 1, 0, 0, 0, 1, -1.72518e-05, 0.000230053, 0.138073)
body_offset = Transform3D(0.816285, -0.576167, -0.0408394, 0.575914, 0.817287, -0.0181308, 0.0438178, -0.00871774, 0.998998, 0.00578547, 0.0023253, -0.137932)

[node name="Physical Bone LowerArm_L" parent="Stage/Comedian/jerry_animated/ManCasual3Armature/Skeleton3D" index="7"]
transform = Transform3D(0.00594047, 0.999904, -0.0208289, 0.00630776, 0.0207915, 0.999779, 0.999977, -0.00606853, -0.00617981, 0.195485, 1.14537, -0.223883)
joint_offset = Transform3D(1, 0, 0, 0, 1, 0, 0, 0, 1, 0.18037, 0.23281, 0.340347)
body_offset = Transform3D(0.998256, -0.0588947, -0.00672081, 0.0588883, 0.998404, -0.000427281, 0.00673719, 2.81632e-05, 0.999993, -0.164057, -0.242914, -0.341566)

[node name="Physical Bone Hand_L" parent="Stage/Comedian/jerry_animated/ManCasual3Armature/Skeleton3D" index="8"]
transform = Transform3D(-0.99108, -0.132824, -0.0349095, 0.00864863, -0.314147, 0.949616, -0.137049, 0.940384, 0.312327, 0.199464, 1.00853, -0.238933)
joint_offset = Transform3D(1, 0, 0, 0, 1, 0, 0, 0, 1, -0.420454, -0.0168521, 0.510872)
body_offset = Transform3D(-0.185942, 0.932066, 0.311984, -0.983017, -0.180878, -0.045367, 0.0141385, -0.314943, 0.949287, -0.221857, -0.393185, -0.484328)

[node name="Physical Bone FingerLittle_L" parent="Stage/Comedian/jerry_animated/ManCasual3Armature/Skeleton3D" index="9"]
transform = Transform3D(-0.999547, 0.0141243, -0.026346, -0.027751, -0.11111, 0.993457, 0.0110966, 0.994072, 0.11141, 0.201109, 0.950431, -0.255755)
joint_offset = Transform3D(1, 0, 0, 0, 1, 0, 0, 0, 1, -0.508596, 0.136233, 0.553246)
body_offset = Transform3D(0.000331354, 0.116223, -0.99326, -0.998545, -0.0534225, -0.00658123, -0.0538094, 0.99215, 0.115993, 0.533853, -0.496938, -0.226704)

[node name="Physical Bone FingerLittle01_L" parent="Stage/Comedian/jerry_animated/ManCasual3Armature/Skeleton3D" index="10"]
transform = Transform3D(0.000570416, 0.971554, 0.236828, -0.0683594, -0.236235, 0.969284, 0.998019, -0.0167369, 0.066257, 0.199002, 0.929773, -0.257653)
joint_offset = Transform3D(1, 0, 0, 0, 1, 0, 0, 0, 1, 0.152763, 0.366823, 0.688083)
body_offset = Transform3D(0.998248, 0.00616559, 0.0646275, -0.00614217, 0.999984, -0.000603281, -0.0646525, 0.00020875, 0.997904, -0.199226, -0.365463, -0.676841)

[node name="Physical Bone FingerRing_L" parent="Stage/Comedian/jerry_animated/ManCasual3Armature/Skeleton3D" index="11"]
transform = Transform3D(-1.00058, 0.0152876, 0.00386265, 0.00224117, -0.104928, 0.994903, 0.0156046, 0.995124, 0.104848, 0.203217, 0.942656, -0.238992)
joint_offset = Transform3D(1, 0, 0, 0, 1, 0, 0, 0, 1, -0.496109, 0.139692, 0.576761)
body_offset = Transform3D(0.000571416, 0.112733, -0.994052, -0.999778, -0.0425918, -0.00540294, -0.0429298, 0.993475, 0.11257, 0.557866, -0.486933, -0.225004)

[node name="Physical Bone FingerRing01_L" parent="Stage/Comedian/jerry_animated/ManCasual3Armature/Skeleton3D" index="12"]
transform = Transform3D(0.00782099, 0.90619, 0.422792, -0.0410887, -0.422159, 0.905589, 0.999041, -0.0244565, 0.0339372, 0.19738, 0.920899, -0.240457)
joint_offset = Transform3D(1, 0, 0, 0, 1, 0, 0, 0, 1, 0.172111, 0.228938, 0.754715)
body_offset = Transform3D(0.998974, -0.0294652, 0.0318597, 0.0294572, 0.999564, 0.000646189, -0.0318605, 0.00029017, 0.99949, -0.189234, -0.234396, -0.748913)

[node name="Physical Bone FingerMiddle_L" parent="Stage/Comedian/jerry_animated/ManCasual3Armature/Skeleton3D" index="13"]
transform = Transform3D(-0.992594, 0.0113068, 0.121296, 0.120255, -0.0682441, 0.990405, 0.0194749, 0.997606, 0.0663766, 0.20089, 0.938689, -0.222924)
joint_offset = Transform3D(1, 0, 0, 0, 1, 0, 0, 0, 1, -0.427458, 0.158396, 0.630176)
body_offset = Transform3D(0.000616856, 0.0726968, -0.997365, -1.00004, -0.00164214, -0.000735287, -0.0016931, 0.997354, 0.072696, 0.617264, -0.426752, -0.204512)

[node name="Physical Bone FingerMiddle01_L" parent="Stage/Comedian/jerry_animated/ManCasual3Armature/Skeleton3D" index="14"]
transform = Transform3D(0.00860161, 0.886061, 0.463493, -0.0396982, -0.462838, 0.885552, 0.999182, -0.0260172, 0.0311926, 0.194762, 0.915943, -0.22425)
joint_offset = Transform3D(1, 0, 0, 0, 1, 0, 0, 0, 1, 0.173626, 0.202253, 0.769751)
body_offset = Transform3D(0.999059, -0.0325251, 0.028933, 0.0325199, 0.999471, 0.00064452, -0.0289399, 0.00030075, 0.999582, -0.189156, -0.208289, -0.764465)

[node name="Physical Bone FingerIndex_L" parent="Stage/Comedian/jerry_animated/ManCasual3Armature/Skeleton3D" index="15"]
transform = Transform3D(-0.999845, 0.0149873, 0.00563944, 0.00528787, -0.0233516, 0.999884, 0.0151134, 0.999711, 0.0232706, 0.200633, 0.940965, -0.205868)
joint_offset = Transform3D(1, 0, 0, 0, 1, 0, 0, 0, 1, -0.498158, 0.185298, 0.564541)
body_offset = Transform3D(0.000527266, 0.03053, -0.999705, -0.999239, 0.0383157, 0.000642562, 0.0383135, 0.998895, 0.0305294, 0.55898, -0.505242, -0.183242)

[node name="Physical Bone FingerIndex01_L" parent="Stage/Comedian/jerry_animated/ManCasual3Armature/Skeleton3D" index="16"]
transform = Transform3D(0.00810567, 0.92811, 0.372453, -0.0395154, -0.372034, 0.927492, 0.999219, -0.022242, 0.03366, 0.197802, 0.923965, -0.20631)
joint_offset = Transform3D(1, 0, 0, 0, 1, 0, 0, 0, 1, 0.173177, 0.271285, 0.735502)
body_offset = Transform3D(0.999117, -0.0289276, 0.0315346, 0.0289118, 0.999728, 0.000703618, -0.0315389, 7.90507e-05, 0.999551, -0.18837, -0.276736, -0.729731)

[node name="Physical Bone FingerThumb_L" parent="Stage/Comedian/jerry_animated/ManCasual3Armature/Skeleton3D" index="17"]
transform = Transform3D(-0.997317, 0.0131218, 0.0721004, 0.0709061, 0.42128, 0.904368, -0.0184982, 0.907275, -0.420783, 0.186932, 0.979997, -0.186938)
joint_offset = Transform3D(1, 0, 0, 0, 1, 0, 0, 0, 1, -0.443576, 0.385414, 0.414195)
body_offset = Transform3D(-0.000657758, -0.447602, -0.894461, -0.895311, 0.398798, -0.198726, 0.445454, 0.800881, -0.400732, 0.542701, -0.46853, 0.054903)

[node name="Physical Bone FingerThumb01_L" parent="Stage/Comedian/jerry_animated/ManCasual3Armature/Skeleton3D" index="18"]
transform = Transform3D(-0.0620524, 0.992322, 0.107012, 0.248095, -0.0885162, 0.964685, 0.966747, 0.0864078, -0.240699, 0.185016, 0.959797, -0.179513)
joint_offset = Transform3D(1, 0, 0, 0, 1, 0, 0, 0, 1, 0.280004, 0.466535, 0.513854)
body_offset = Transform3D(0.922909, -0.201977, -0.327793, 0.188895, 0.979384, -0.0716231, 0.335498, 0.00418355, 0.942034, 0.00424862, -0.473004, -0.579961)

[node name="Physical Bone Neck" parent="Stage/Comedian/jerry_animated/ManCasual3Armature/Skeleton3D" index="19"]
transform = Transform3D(1, 8.64267e-07, -4.69387e-07, 2.88213e-07, -0.241719, -0.970345, -6.85453e-07, 0.970346, -0.24172, 1.52588e-05, 1.61096, -0.0282106)
joint_offset = Transform3D(1, 0, 0, 0, 1, 0, 0, 0, 1, -1.45214e-05, 0.000176468, 0.0480873)
body_offset = Transform3D(1, 6.85453e-07, -4.61936e-07, 1.04308e-07, 1.63913e-07, -0.999999, -5.36442e-07, 1, -7.97212e-07, 1.45435e-05, 0.0480872, -0.00017643)

[node name="Physical Bone Head" parent="Stage/Comedian/jerry_animated/ManCasual3Armature/Skeleton3D" index="20"]
transform = Transform3D(-0.989396, -0.109643, -0.0977989, -0.0078833, 0.704379, -0.709783, 0.146697, -0.701309, -0.697629, 0.00723243, 1.71018, 0.0352049)
joint_offset = Transform3D(1, 0, 0, 0, 1, 0, 0, 0, 1, -1.37836e-06, -7.46548e-06, 0.073972)
body_offset = Transform3D(-0.989396, -0.109643, -0.0977987, -4.47035e-08, 0.665731, -0.746196, 0.146908, -0.738096, -0.658536, 0.00723219, 0.0552026, 0.048708)

[node name="Physical Bone Shoulder_R" parent="Stage/Comedian/jerry_animated/ManCasual3Armature/Skeleton3D" index="21"]
transform = Transform3D(2.08616e-07, -0.434066, 0.900879, -6.24041e-07, 0.900874, 0.434065, -0.999997, -9.83477e-07, -9.53674e-07, -0.0730913, 1.52903, -0.0396829)
joint_offset = Transform3D(1, 0, 0, 0, 1, 0, 0, 0, 1, -2.00587e-05, 1.00183e-05, 0.0811386)
body_offset = Transform3D(0.999997, 3.72529e-07, 3.8743e-07, -4.47035e-07, -6.55651e-07, -0.999997, -1.49012e-08, 0.999993, -2.99513e-06, 2.00272e-05, 0.0811384, -9.77516e-06)

[node name="Physical Bone UpperArm_R" parent="Stage/Comedian/jerry_animated/ManCasual3Armature/Skeleton3D" index="22"]
transform = Transform3D(0.54204, -0.840297, 0.00809583, -0.027064, -0.0270918, -0.999299, 0.83989, 0.541471, -0.0374312, -0.147462, 1.63179, -0.0343609)
joint_offset = Transform3D(1, 0, 0, 0, 1, 0, 0, 0, 1, -3.43765e-05, -0.000193651, 0.138078)
body_offset = Transform3D(-0.825234, -0.563771, 0.0340695, -0.564026, 0.825738, 0.00085707, -0.0286097, -0.0185118, -0.999452, -0.0048418, 2.21729e-05, 0.137998)

[node name="Physical Bone LowerArm_R" parent="Stage/Comedian/jerry_animated/ManCasual3Armature/Skeleton3D" index="23"]
transform = Transform3D(0.195542, -0.980682, 0.00371152, 0.499466, 0.0963333, -0.860949, 0.843923, 0.170205, 0.508666, -0.15769, 1.85525, -0.113191)
joint_offset = Transform3D(1, 0, 0, 0, 1, 0, 0, 0, 1, -0.17753, 0.235687, 0.345738)
body_offset = Transform3D(-0.852247, -0.118023, -0.509571, -0.140305, 0.990088, 0.00534564, 0.503885, 0.0760506, -0.860405, 0.0526953, -0.260107, 0.369005)

[node name="Physical Bone Hand_R" parent="Stage/Comedian/jerry_animated/ManCasual3Armature/Skeleton3D" index="24"]
transform = Transform3D(-0.998575, -0.042251, -0.0419255, 0.0499288, -0.209144, -0.976612, 0.0325647, -0.976982, 0.210881, -0.156368, 1.98104, -0.169108)
joint_offset = Transform3D(1, 0, 0, 0, 1, 0, 0, 0, 1, 0.423316, -0.00809916, 0.520735)
body_offset = Transform3D(-0.0820657, 0.974079, -0.210878, 0.995984, 0.0894919, 0.0263196, 0.0445658, -0.2078, -0.977158, 0.152441, -0.434597, 0.488292)

[node name="Physical Bone FingerLittle_R" parent="Stage/Comedian/jerry_animated/ManCasual3Armature/Skeleton3D" index="25"]
transform = Transform3D(-0.979663, -0.200288, -0.0130605, 0.0928023, -0.394305, -0.914273, 0.177969, -0.896889, 0.404863, -0.154124, 2.03975, -0.184028)
joint_offset = Transform3D(1, 0, 0, 0, 1, 0, 0, 0, 1, 0.50277, 0.214549, 0.549917)
body_offset = Transform3D(0.0649969, -0.395352, -0.916218, 0.968206, 0.247298, -0.0380232, 0.241614, -0.884614, 0.398846, 0.555988, -0.518933, -0.151015)

[node name="Physical Bone FingerLittle01_R" parent="Stage/Comedian/jerry_animated/ManCasual3Armature/Skeleton3D" index="26"]
transform = Transform3D(0.188488, -0.946536, -0.262407, 0.434601, 0.320117, -0.841872, 0.880679, 0.0446035, 0.471618, -0.15122, 2.05823, -0.193235)
joint_offset = Transform3D(1, 0, 0, 0, 1, 0, 0, 0, 1, -0.237406, 0.363666, 0.679261)
body_offset = Transform3D(-0.873275, -0.0630361, -0.48314, -0.305995, 0.842764, 0.443103, 0.379155, 0.534948, -0.755159, 0.143782, -0.680112, 0.408421)

[node name="Physical Bone FingerRing_R" parent="Stage/Comedian/jerry_animated/ManCasual3Armature/Skeleton3D" index="27"]
transform = Transform3D(-0.978402, -0.201662, -0.0414698, 0.120886, -0.39986, -0.908555, 0.166612, -0.894119, 0.415669, -0.158201, 2.03823, -0.202148)
joint_offset = Transform3D(1, 0, 0, 0, 1, 0, 0, 0, 1, 0.494993, 0.186498, 0.575407)
body_offset = Transform3D(0.122202, -0.392244, -0.911694, 0.966601, 0.254852, 0.019958, 0.224482, -0.883854, 0.410353, 0.537259, -0.537474, -0.1824)

[node name="Physical Bone FingerRing01_R" parent="Stage/Comedian/jerry_animated/ManCasual3Armature/Skeleton3D" index="28"]
transform = Transform3D(0.196377, -0.87743, -0.437701, 0.458005, 0.476786, -0.750272, 0.867019, -0.0531311, 0.495491, -0.152702, 2.0572, -0.212529)
joint_offset = Transform3D(1, 0, 0, 0, 1, 0, 0, 0, 1, -0.225127, 0.228307, 0.749462)
body_offset = Transform3D(-0.868174, 0.0577804, -0.492942, -0.367183, 0.593472, 0.71623, 0.333924, 0.802798, -0.493989, 0.1608, -0.754944, 0.262117)

[node name="Physical Bone FingerMiddle_R" parent="Stage/Comedian/jerry_animated/ManCasual3Armature/Skeleton3D" index="29"]
transform = Transform3D(-0.968542, -0.199057, -0.149406, 0.223734, -0.433507, -0.872981, 0.10899, -0.87903, 0.464357, -0.159828, 2.03357, -0.217851)
joint_offset = Transform3D(1, 0, 0, 0, 1, 0, 0, 0, 1, 0.427556, 0.175313, 0.633037)
body_offset = Transform3D(0.338364, -0.400719, -0.851473, 0.931873, 0.268553, 0.243967, 0.130886, -0.876099, 0.464239, 0.464596, -0.599949, -0.19625)

[node name="Physical Bone FingerMiddle01_R" parent="Stage/Comedian/jerry_animated/ManCasual3Armature/Skeleton3D" index="30"]
transform = Transform3D(0.197185, -0.856628, -0.476791, 0.459149, 0.510383, -0.72712, 0.866225, -0.0755343, 0.493956, -0.153168, 2.05312, -0.229264)
joint_offset = Transform3D(1, 0, 0, 0, 1, 0, 0, 0, 1, -0.198615, 0.197352, 0.777801)
body_offset = Transform3D(-0.868012, 0.0808587, -0.489959, -0.381828, 0.522163, 0.762616, 0.317502, 0.849008, -0.422353, 0.192733, -0.77205, 0.224013)

[node name="Physical Bone FingerIndex_R" parent="Stage/Comedian/jerry_animated/ManCasual3Armature/Skeleton3D" index="31"]
transform = Transform3D(-0.978648, -0.203829, -0.0278553, 0.123306, -0.472733, -0.872531, 0.164686, -0.857308, 0.487757, -0.162791, 2.02317, -0.231275)
joint_offset = Transform3D(1, 0, 0, 0, 1, 0, 0, 0, 1, 0.501193, 0.173093, 0.57839)
body_offset = Transform3D(0.127688, -0.465319, -0.87588, 0.981509, 0.186489, 0.043999, 0.142875, -0.865274, 0.480512, 0.523148, -0.549654, -0.199759)

[node name="Physical Bone FingerIndex01_R" parent="Stage/Comedian/jerry_animated/ManCasual3Armature/Skeleton3D" index="32"]
transform = Transform3D(0.196731, -0.900171, -0.388588, 0.459355, 0.434761, -0.774592, 0.866225, -0.026114, 0.499019, -0.159657, 2.03771, -0.239825)
joint_offset = Transform3D(1, 0, 0, 0, 1, 0, 0, 0, 1, -0.163805, 0.268469, 0.749838)
body_offset = Transform3D(-0.867827, 0.0321687, -0.495872, -0.347776, 0.67347, 0.652308, 0.354942, 0.738519, -0.573251, 0.221033, -0.726899, 0.289717)

[node name="Physical Bone FingerThumb_R" parent="Stage/Comedian/jerry_animated/ManCasual3Armature/Skeleton3D" index="33"]
transform = Transform3D(-0.9813, -0.192372, -0.00719351, 0.16293, -0.810047, -0.563282, 0.102534, -0.553911, 0.82624, -0.153643, 1.9786, -0.229611)
joint_offset = Transform3D(1, 0, 0, 0, 1, 0, 0, 0, 1, 0.443903, 0.372327, 0.468376)
body_offset = Transform3D(0.233851, -0.810574, -0.536929, 0.902341, -0.0247219, 0.430325, -0.362082, -0.585115, 0.72563, 0.449476, -0.592901, 0.0387158)

[node name="Physical Bone FingerThumb01_R" parent="Stage/Comedian/jerry_animated/ManCasual3Armature/Skeleton3D" index="34"]
transform = Transform3D(0.126858, -0.988945, -0.0767058, 0.698999, 0.143994, -0.700471, 0.703781, 0.0352386, 0.70954, -0.152845, 1.99214, -0.246422)
joint_offset = Transform3D(1, 0, 0, 0, 1, 0, 0, 0, 1, -0.244072, 0.462597, 0.577422)
body_offset = Transform3D(-0.659842, 0.265911, -0.702778, 0.00323579, 0.93628, 0.35122, 0.751397, 0.229475, -0.618658, 0.12174, -0.635133, 0.434467)

[node name="Physical Bone UpperLeg_L" parent="Stage/Comedian/jerry_animated/ManCasual3Armature/Skeleton3D" index="35"]
transform = Transform3D(0.000145078, -0.999822, 0.0330838, -0.020256, 0.0330885, 0.999133, -0.999854, -0.000815779, -0.0202346, 0.0771029, 0.72723, -0.00861311)
joint_offset = Transform3D(1, 0, 0, 0, 1, 0, 0, 0, 1, -9.14582e-06, 3.18292e-06, 0.206687)
body_offset = Transform3D(1.00006, 6.25849e-07, -1.88872e-06, 1.08033e-07, 1.2517e-06, -0.999885, -5.96046e-07, 1.00038, -4.09782e-07, 9.53674e-06, 0.206663, -3.09944e-06)

[node name="Physical Bone LowerLeg_L" parent="Stage/Comedian/jerry_animated/ManCasual3Armature/Skeleton3D" index="36"]
transform = Transform3D(0.999475, 0.00168023, 0.032944, -0.0329833, 0.0465048, 0.998394, 0.000146091, -0.998916, 0.046535, 0.0637007, 0.321889, -0.0136852)
joint_offset = Transform3D(1, 0, 0, 0, 1, 0, 0, 0, 1, 5.8078e-08, 2.73128e-06, 0.19915)
body_offset = Transform3D(1.00003, 2.98023e-08, 3.29991e-06, 1.43191e-07, -2.22586e-07, -1.00002, -2.08616e-07, 1, 6.5146e-07, -7.15256e-07, 0.199154, -2.86102e-06)

[node name="Physical Bone Foot_L" parent="Stage/Comedian/jerry_animated/ManCasual3Armature/Skeleton3D" index="37"]
transform = Transform3D(-0.999802, 0.00145736, 0.00340933, 0.00370534, 0.394473, 0.918906, -4.76837e-06, 0.918961, -0.394459, 0.0569677, 0.0790685, -0.00406647)
joint_offset = Transform3D(1, 0, 0, 0, 1, 0, 0, 0, 1, -1.04231e-05, -3.37693e-06, 0.0478788)
body_offset = Transform3D(0.99982, 2.98023e-07, -1.44541e-06, -1.49012e-08, 4.48525e-06, -0.999998, 2.98023e-07, 1.00005, 8.19564e-07, 1.04904e-05, 0.0478787, 3.33786e-06)

[node name="Physical Bone UpperLeg_R" parent="Stage/Comedian/jerry_animated/ManCasual3Armature/Skeleton3D" index="38"]
transform = Transform3D(0.000132561, 0.999452, -0.0330571, 0.0202872, 0.0330453, 0.999032, 0.999794, -0.000802279, -0.0202667, -0.0770862, 0.727234, -0.00860548)
joint_offset = Transform3D(1, 0, 0, 0, 1, 0, 0, 0, 1, 8.50917e-06, -1.76041e-05, 0.206705)
body_offset = Transform3D(0.999999, 8.9407e-07, 3.57628e-07, -2.18861e-07, -7.45058e-09, -0.999784, -1.19209e-07, 0.999998, -9.41567e-06, -8.58307e-06, 0.20666, 1.95503e-05)

[node name="Physical Bone LowerLeg_R" parent="Stage/Comedian/jerry_animated/ManCasual3Armature/Skeleton3D" index="39"]
transform = Transform3D(0.999455, -0.00166562, -0.0329094, 0.032956, 0.0464726, 0.998436, -0.000130743, -0.998969, 0.0465083, -0.0637019, 0.321859, -0.0136576)
joint_offset = Transform3D(1, 0, 0, 0, 1, 0, 0, 0, 1, -1.80043e-05, 1.32518e-05, 0.199171)
body_offset = Transform3D(0.999997, -9.53674e-07, 1.81422e-06, -5.12972e-06, 1.3113e-06, -1.00006, -1.72853e-06, 1.00005, -4.29153e-06, 1.7643e-05, 0.199182, -1.23978e-05)

[node name="Physical Bone Foot_R" parent="Stage/Comedian/jerry_animated/ManCasual3Armature/Skeleton3D" index="40"]
transform = Transform3D(-0.999993, -0.001468, -0.00336944, -0.00367425, 0.394483, 0.918889, -1.92821e-05, 0.9189, -0.394489, -0.0569944, 0.07906, -0.00403881)
joint_offset = Transform3D(1, 0, 0, 0, 1, 0, 0, 0, 1, 1.07338e-05, 2.14148e-08, 0.0478862)
body_offset = Transform3D(0.999998, 1.63913e-06, -1.04308e-07, -8.79169e-07, 4.06802e-06, -0.999994, -7.45058e-07, 0.999998, -4.47035e-07, -1.07288e-05, 0.0478859, 0)

[node name="MainSpotLight" type="SpotLight3D" parent="Stage" node_paths=PackedStringArray("target")]
transform = Transform3D(1, 0, 0, 0, -4.37114e-08, 1, 0, -1, -4.37114e-08, -0.0337095, 3.83772, -0.0937908)
light_color = Color(1, 0.929412, 0.886275, 1)
light_energy = 10.753
light_indirect_energy = 4.63
light_volumetric_fog_energy = 0.0
light_bake_mode = 1
spot_range = 12.125
spot_angle = 21.0
script = ExtResource("10_sw7mm")
target = NodePath("../Comedian")

[node name="MainSpotLight2" type="SpotLight3D" parent="Stage"]
transform = Transform3D(1, 0, 0, 0, 0.860333, -0.509732, 0, 0.509732, 0.860333, 0.00699139, 0.754075, 1.30782)
light_color = Color(0.992157, 0.788235, 0.564706, 1)
light_energy = 10.0
light_indirect_energy = 0.0
light_volumetric_fog_energy = 0.0
light_specular = 0.15
light_bake_mode = 1
spot_range = 5.791
spot_angle = 44.12

[node name="MainSpotLight3" type="SpotLight3D" parent="Stage"]
transform = Transform3D(0.707107, 0.360435, 0.608347, 0, 0.860333, -0.509732, -0.707107, 0.360435, 0.608347, 1.3098, 0.754075, 1.30782)
light_color = Color(0.992157, 0.788235, 0.564706, 1)
light_energy = 10.0
light_indirect_energy = 0.0
light_volumetric_fog_energy = 0.0
light_specular = 0.15
light_bake_mode = 1
spot_range = 5.791
spot_angle = 44.12

[node name="MainSpotLight4" type="SpotLight3D" parent="Stage"]
transform = Transform3D(0.707107, -0.360435, -0.608347, 0, 0.860333, -0.509732, 0.707107, 0.360435, 0.608347, -1.11065, 0.754075, 1.30782)
light_color = Color(0.992157, 0.788235, 0.564706, 1)
light_energy = 10.0
light_indirect_energy = 0.0
light_volumetric_fog_energy = 0.0
light_specular = 0.15
light_bake_mode = 1
spot_range = 5.791
spot_angle = 44.12

[node name="CameraTrigger" type="Area3D" parent="Stage"]
transform = Transform3D(1, 0, 0, 0, 1, 0, 0, 0, 1, 0, 0.835685, 0)
collision_layer = 0
collision_mask = 2

[node name="CollisionShape3D" type="CollisionShape3D" parent="Stage/CameraTrigger"]
transform = Transform3D(1, 0, 0, 0, 1, 0, 0, 0, 1, 0.120538, 0.171387, 0)
shape = SubResource("BoxShape3D_50v41")

[node name="Camera3D" type="Camera3D" parent="."]
transform = Transform3D(0.999969, 0.00154114, -0.00760626, -2.23517e-08, 0.980088, 0.198562, 0.00776094, -0.198556, 0.980059, -0.0552975, 2.23784, 2.0708)
fov = 67.0

[node name="PhantomCameraHost" type="Node" parent="Camera3D"]
script = ExtResource("12_w8i1b")

[node name="Floor" type="MeshInstance3D" parent="."]
transform = Transform3D(100, 0, 0, 0, 100, 0, 0, 0, 1, 0, -0.129354, 0)
mesh = SubResource("PlaneMesh_tgd07")
surface_material_override/0 = SubResource("StandardMaterial3D_0b7tw")

[node name="Floor2" type="MeshInstance3D" parent="."]
transform = Transform3D(281.5, 0, 0, 0, -1.23048e-05, -2.815, 0, 281.5, -1.23048e-07, 0, -0.129354, -9.56177)
mesh = SubResource("PlaneMesh_tgd07")
surface_material_override/0 = SubResource("StandardMaterial3D_0b7tw")

[node name="BGcurt1" type="MeshInstance3D" parent="."]
transform = Transform3D(1, 0, 0, 0, 2, 0, 0, 0, 1, -5.74997, 1.77124, -5.26544)
mesh = SubResource("PlaneMesh_mxlwu")
surface_material_override/0 = SubResource("StandardMaterial3D_cgfe7")

[node name="BGcurt4" type="MeshInstance3D" parent="."]
transform = Transform3D(1, 0, 0, 0, 2, 0, 0, 0, 1, -10.6532, 1.77124, -5.26544)
mesh = SubResource("PlaneMesh_mxlwu")
surface_material_override/0 = SubResource("StandardMaterial3D_cgfe7")

[node name="BGcurt2" type="MeshInstance3D" parent="."]
transform = Transform3D(1, 0, 0, 0, 2, 0, 0, 0, 1, 5.691, 1.77124, -5.26544)
mesh = SubResource("PlaneMesh_mxlwu")
surface_material_override/0 = SubResource("StandardMaterial3D_cgfe7")

[node name="BGcurt5" type="MeshInstance3D" parent="."]
transform = Transform3D(1, 0, 0, 0, 2, 0, 0, 0, 1, 10.6496, 1.77124, -5.26544)
mesh = SubResource("PlaneMesh_mxlwu")
surface_material_override/0 = SubResource("StandardMaterial3D_cgfe7")

[node name="BGcurt3" type="MeshInstance3D" parent="."]
transform = Transform3D(1.5, 0, 0, 0, 1, 0, 0, 0, 1, -0.0691948, 2.51538, -5.35576)
gi_lightmap_scale = 3
mesh = SubResource("PlaneMesh_mxlwu")
surface_material_override/0 = SubResource("StandardMaterial3D_7k0b7")

[node name="WorldEnvironment" type="WorldEnvironment" parent="."]
environment = SubResource("Environment_568cv")

[node name="DirectionalLight3D" type="DirectionalLight3D" parent="."]
transform = Transform3D(1, 0, 0, 0, 0.5, 0.866025, 0, -0.866025, 0.5, 0, 3, 0)
light_energy = 0.33

[node name="ThrowPoint" type="Node3D" parent="."]
transform = Transform3D(1, 0, 0, 0, 1, 0, 0, 0, 1, -6, 0, 6.73233)

[node name="ThrowPoint2" type="Node3D" parent="."]
transform = Transform3D(1, 0, 0, 0, 1, 0, 0, 0, 1, 6, 0, 6.73233)

[node name="Audience" parent="." instance=ExtResource("5_tr2a0")]
transform = Transform3D(1, 0, 0, 0, 1, 0, 0, 0, 1, 0, 0, 0.112713)

[node name="MetaControllerComponent" type="Node" parent="."]
script = ExtResource("6_oa1a8")

[node name="Curtains" parent="." instance=ExtResource("11_5thl5")]
transform = Transform3D(1, 0, 0, 0, 1, 0, 0, 0, 1, 0, 0.422966, -1.83624)

[node name="Path3D" type="Path3D" parent="."]
transform = Transform3D(1, 0, 0, 0, 1, 0, 0, 0, 1, -0.283777, 2.25828, 2.05443)
curve = SubResource("Curve3D_w80mh")

[node name="PathFollow3D" type="PathFollow3D" parent="Path3D"]
transform = Transform3D(0.0931362, 0.0752312, -0.992806, -3.72529e-09, 0.997141, 0.0755595, 0.995653, -0.00703734, 0.0928699, -0.35438, 0.0159755, -0.0491574)

[node name="CameraHolder" type="Node3D" parent="Path3D/PathFollow3D"]
transform = Transform3D(1, 0, 0, 0, 1, 0, 0, 0, 1, 0.119532, 0.00708055, -0.575333)
script = ExtResource("19_2cjh3")

[node name="PhantomCamera3D" type="Node3D" parent="Path3D/PathFollow3D/CameraHolder"]
transform = Transform3D(0.100861, -0.197549, 0.975091, 0.0751742, 0.9788, 0.190525, -0.992056, 0.0540852, 0.113573, 0, 0, 0)
script = ExtResource("19_wpgn2")
priority_override = false
priority = 1
follow_mode = 2
follow_target = NodePath("")
follow_parameters/target_offset = Vector3(0, 0, 0)
follow_parameters/damping = true
follow_parameters/damping_value = 27.785
look_at_mode = 2
look_at_target = NodePath("../../../../CameraLookAtPlaceholder")
look_at_parameters/look_at_target_offset = Vector3(0, 0, 0)
tween_parameters = SubResource("Resource_gw4p2")
tween_on_load = false
inactive_update_mode = 0
camera_3D_resource = null

[node name="PhantomCamera3DLookAtPlayer" type="Node3D" parent="Path3D/PathFollow3D/CameraHolder"]
transform = Transform3D(-0.424296, -0.108914, 0.89895, 0.068421, 0.986046, 0.151761, -0.902935, 0.125899, -0.410924, 0, 0, 0)
script = ExtResource("19_wpgn2")
priority_override = false
priority = 0
follow_mode = 2
follow_target = NodePath("")
follow_parameters/target_offset = Vector3(0, 0, 0)
follow_parameters/damping = false
look_at_mode = 2
look_at_target = NodePath("../../../../Stage/Comedian")
look_at_parameters/look_at_target_offset = Vector3(0, 0, 0)
tween_parameters = null
tween_on_load = false
inactive_update_mode = 0
camera_3D_resource = null

[node name="CameraLookAtPlaceholder" type="Node3D" parent="."]
transform = Transform3D(1, 0, 0, 0, 1, 0, 0, 0, 1, 0, 0.79433, -5.05407)

[connection signal="body_entered" from="Stage/CameraTrigger" to="Path3D/PathFollow3D/CameraHolder" method="_on_camera_trigger_body_entered"]

[editable path="Stage"]
[editable path="Stage/Comedian"]
[editable path="Stage/Comedian/jerry_animated"]
