[gd_scene load_steps=28 format=3 uid="uid://ccj2hdg614r6x"]

[ext_resource type="Script" path="res://scripts/main.gd" id="1_b1maf"]
[ext_resource type="PackedScene" uid="uid://d2mrod3qas5ag" path="res://scenes/stage/stage.tscn" id="2_vo661"]
[ext_resource type="AudioStream" uid="uid://cang8mtxhcavx" path="res://sounds/dialog click.wav" id="2_vufv1"]
[ext_resource type="Texture2D" uid="uid://kcapb53jlbeh" path="res://art/Textures/CurtainBackground.png" id="3_a7hrh"]
[ext_resource type="PackedScene" uid="uid://dho75wjw3lpdb" path="res://scenes/items/bad items/small/badegg.tscn" id="3_ig4ll"]
[ext_resource type="PackedScene" uid="uid://bsegc7ynhiuw3" path="res://scenes/items/bad items/small/bottle.tscn" id="4_c4yai"]
[ext_resource type="Texture2D" uid="uid://bgq5tncga5465" path="res://art/Textures/bgwall.png" id="4_w4ekb"]
[ext_resource type="PackedScene" uid="uid://6qm3qblaon8" path="res://scenes/items/bad items/small/tomato.tscn" id="5_eela6"]
[ext_resource type="PackedScene" uid="uid://bqmwo30x358hn" path="res://scenes/audience/audience.tscn" id="5_tr2a0"]
[ext_resource type="PackedScene" uid="uid://dc8411dbc438i" path="res://scenes/dialog.tscn" id="6_gm7m2"]
[ext_resource type="Script" path="res://scripts/meta_controller_component.gd" id="6_oa1a8"]
[ext_resource type="PackedScene" uid="uid://c52n6jpt5x8yd" path="res://scenes/items/bad items/large/chair.tscn" id="6_w1yu1"]
[ext_resource type="PackedScene" uid="uid://c1ky3pnkcfhnj" path="res://scenes/items/bad items/large/plantpot.tscn" id="7_wvk6e"]
[ext_resource type="PackedScene" uid="uid://lbs7f5s2cxwr" path="res://scenes/items/bad items/large/toilet.tscn" id="8_sembv"]
[ext_resource type="PackedScene" uid="uid://bo2vqtg0xnepl" path="res://scenes/items/good_item_placeholder.tscn" id="9_6srqn"]
[ext_resource type="Script" path="res://scripts/targetedSpotlight.gd" id="10_sw7mm"]
[ext_resource type="PackedScene" uid="uid://cebm4d3qar0nq" path="res://scenes/stage/curtains.tscn" id="11_5thl5"]
[ext_resource type="Script" path="res://addons/phantom_camera/scripts/phantom_camera_host/phantom_camera_host.gd" id="12_w8i1b"]
[ext_resource type="Script" path="res://addons/phantom_camera/scripts/phantom_camera/phantom_camera_3D.gd" id="19_wpgn2"]

[sub_resource type="FontFile" id="FontFile_bx7qq"]
subpixel_positioning = 0
msdf_pixel_range = 14
msdf_size = 128
cache/0/36/0/ascent = 0.0
cache/0/36/0/descent = 0.0
cache/0/36/0/underline_position = 0.0
cache/0/36/0/underline_thickness = 0.0
cache/0/36/0/scale = 1.0
cache/0/36/0/kerning_overrides/36/0 = Vector2(0, 0)
cache/0/36/0/kerning_overrides/16/0 = Vector2(0, 0)
cache/0/16/0/ascent = 0.0
cache/0/16/0/descent = 0.0
cache/0/16/0/underline_position = 0.0
cache/0/16/0/underline_thickness = 0.0
cache/0/16/0/scale = 1.0
cache/0/16/0/kerning_overrides/36/0 = Vector2(0, 0)
cache/0/16/0/kerning_overrides/16/0 = Vector2(0, 0)

[sub_resource type="LabelSettings" id="LabelSettings_i6pg1"]
line_spacing = 5.0
font = SubResource("FontFile_bx7qq")
font_size = 36
font_color = Color(0, 0, 0, 1)
outline_size = 10
outline_color = Color(0.996078, 0.996078, 0.996078, 1)
shadow_size = 9
shadow_color = Color(0, 0, 0, 1)
shadow_offset = Vector2(1, 6.18)

[sub_resource type="PlaneMesh" id="PlaneMesh_tgd07"]
size = Vector2(10, 10)

[sub_resource type="StandardMaterial3D" id="StandardMaterial3D_0b7tw"]
albedo_color = Color(0, 0, 0, 1)

[sub_resource type="PlaneMesh" id="PlaneMesh_mxlwu"]
size = Vector2(5, 5)
orientation = 2

[sub_resource type="StandardMaterial3D" id="StandardMaterial3D_cgfe7"]
albedo_texture = ExtResource("3_a7hrh")

[sub_resource type="StandardMaterial3D" id="StandardMaterial3D_7k0b7"]
albedo_texture = ExtResource("4_w4ekb")

[sub_resource type="Environment" id="Environment_568cv"]
ambient_light_color = Color(0.658824, 0.658824, 0.658824, 1)

[node name="Main" type="Node3D"]
script = ExtResource("1_b1maf")
STARTING_COMEDY_SCORE = 50.0
stage_path = NodePath("Stage")
dialog_path = NodePath("Dialog")
curtains_path = NodePath("Curtains")

[node name="Menu" type="CanvasLayer" parent="."]

[node name="StartGame" type="ColorRect" parent="Menu"]
self_modulate = Color(0.215686, 0.215686, 0.215686, 0.196078)
anchors_preset = 8
anchor_left = 0.5
anchor_top = 0.5
anchor_right = 0.5
anchor_bottom = 0.5
offset_left = -581.0
offset_top = -330.0
offset_right = 587.0
offset_bottom = 333.0
grow_horizontal = 2
grow_vertical = 2

[node name="GoodDialogButton" type="Button" parent="Menu/StartGame"]
layout_mode = 0
offset_left = 378.0
offset_top = 266.0
offset_right = 787.0
offset_bottom = 420.0
metadata/_edit_group_ = true

[node name="ButtonText" type="Label" parent="Menu/StartGame/GoodDialogButton"]
layout_mode = 1
anchors_preset = 8
anchor_left = 0.5
anchor_top = 0.5
anchor_right = 0.5
anchor_bottom = 0.5
offset_left = -246.5
offset_top = -78.5
offset_right = 246.5
offset_bottom = 78.5
grow_horizontal = 2
grow_vertical = 2
text = "Start :)"
label_settings = SubResource("LabelSettings_i6pg1")
horizontal_alignment = 1
vertical_alignment = 1
autowrap_mode = 2

[node name="GameOver" type="ColorRect" parent="Menu"]
visible = false
self_modulate = Color(0.215686, 0.215686, 0.215686, 0.196078)
anchors_preset = 8
anchor_left = 0.5
anchor_top = 0.5
anchor_right = 0.5
anchor_bottom = 0.5
offset_left = -581.0
offset_top = -330.0
offset_right = 587.0
offset_bottom = 333.0
grow_horizontal = 2
grow_vertical = 2

[node name="GoodDialogButton" type="Button" parent="Menu/GameOver"]
layout_mode = 0
offset_left = 378.0
offset_top = 266.0
offset_right = 787.0
offset_bottom = 420.0
metadata/_edit_group_ = true

[node name="ButtonText" type="Label" parent="Menu/GameOver/GoodDialogButton"]
layout_mode = 1
anchors_preset = 8
anchor_left = 0.5
anchor_top = 0.5
anchor_right = 0.5
anchor_bottom = 0.5
offset_left = -246.5
offset_top = -78.5
offset_right = 246.5
offset_bottom = 78.5
grow_horizontal = 2
grow_vertical = 2
text = "Game Over :c"
label_settings = SubResource("LabelSettings_i6pg1")
horizontal_alignment = 1
vertical_alignment = 1
autowrap_mode = 2

[node name="Click" type="AudioStreamPlayer" parent="Menu"]
stream = ExtResource("2_vufv1")

[node name="Stage" parent="." instance=ExtResource("2_vo661")]
transform = Transform3D(1, 0, 0, 0, 1, 0, 0, 0, 1, 0, 0, -2.97054)
throw_point1_path = NodePath("../ThrowPoint")
throw_point2_path = NodePath("../ThrowPoint2")
throwable_bads = Array[PackedScene]([ExtResource("3_ig4ll"), ExtResource("4_c4yai"), ExtResource("5_eela6"), ExtResource("6_w1yu1"), ExtResource("7_wvk6e"), ExtResource("8_sembv"), ExtResource("6_w1yu1"), ExtResource("3_ig4ll"), ExtResource("4_c4yai"), ExtResource("4_c4yai"), ExtResource("4_c4yai"), ExtResource("5_eela6"), ExtResource("5_eela6"), ExtResource("5_eela6"), ExtResource("5_eela6"), ExtResource("5_eela6"), ExtResource("5_eela6")])
throwable_goods = Array[PackedScene]([ExtResource("9_6srqn")])

[node name="Comedian" parent="Stage" index="1"]
transform = Transform3D(0.642921, 0, 0.765932, 0, 1, 0, -0.765932, 0, 0.642921, -4.11465, 1.26738, -1.86379)
dialog_path = NodePath("../../Dialog")

[node name="Physical Bone Hips" parent="Stage/Comedian/jerry_animated/ManCasual3Armature/Skeleton3D" index="1"]
transform = Transform3D(0.999997, -2.98023e-08, -1.86265e-08, 4.43589e-08, -0.118392, -0.992962, 2.98023e-08, 0.992964, -0.118392, -2.86102e-06, 1.03007, 0.00624943)
joint_offset = Transform3D(1, 0, 0, 0, 1, 0, 0, 0, 1, 3.10024e-06, 6.33474e-07, 0.0527967)
body_offset = Transform3D(0.999997, -1.78814e-07, -1.49012e-08, 4.47035e-08, 0.00555148, -0.99998, 2.38419e-07, 0.999982, 0.00555145, -3.09944e-06, 0.0527956, -0.000293732)

[node name="Physical Bone Spine" parent="Stage/Comedian/jerry_animated/ManCasual3Armature/Skeleton3D" index="2"]
transform = Transform3D(0.999996, 1.16229e-06, -1.86265e-08, 4.15229e-11, -0.0438469, -0.999023, -3.27826e-07, 0.999034, -0.0438468, -2.38419e-07, 1.18061, 0.0168061)
joint_offset = Transform3D(1, 0, 0, 0, 1, 0, 0, 0, 1, 1.64384e-09, 2.37578e-06, 0.0982022)
body_offset = Transform3D(0.999996, 1.01328e-06, -1.67638e-08, -1.30385e-08, 5.10365e-07, -0.999985, -5.96046e-08, 0.999996, 8.56817e-08, 0, 0.0982007, -2.38419e-06)

[node name="Physical Bone Chest" parent="Stage/Comedian/jerry_animated/ManCasual3Armature/Skeleton3D" index="3"]
transform = Transform3D(0.999998, 1.49012e-07, 1.86265e-08, -3.03996e-08, 0.0746809, -0.997201, -2.98023e-08, 0.997205, 0.0746816, -2.38419e-06, 1.35229, 0.0156088)
joint_offset = Transform3D(1, 0, 0, 0, 1, 0, 0, 0, 1, 1.9057e-06, -4.35023e-06, 0.0737794)
body_offset = Transform3D(0.999998, -2.98023e-08, 2.23517e-08, -2.6077e-08, -1.99303e-07, -0.999993, 1.78814e-07, 0.999997, 7.95349e-07, -1.90735e-06, 0.0737789, 4.29153e-06)

[node name="Physical Bone UpperChest" parent="Stage/Comedian/jerry_animated/ManCasual3Armature/Skeleton3D" index="4"]
transform = Transform3D(0.999998, -3.27826e-07, -1.04308e-07, -7.29686e-07, 0.338504, -0.941077, -9.23872e-07, 0.941532, 0.338302, 1.90735e-06, 1.49505, -0.0147858)
joint_offset = Transform3D(1, 0, 0, 0, 1, 0, 0, 0, 1, -1.89968e-06, 1.56129e-06, 0.073548)
body_offset = Transform3D(0.999998, -5.06639e-07, -1.04308e-07, -3.57628e-07, 4.1604e-05, -1.00004, -9.23872e-07, 1.00053, 4.69387e-06, 1.90735e-06, 0.0735507, -1.90735e-06)

[node name="Physical Bone Shoulder_L" parent="Stage/Comedian/jerry_animated/ManCasual3Armature/Skeleton3D" index="5"]
transform = Transform3D(-4.17233e-07, 0.434063, -0.900881, -4.50504e-07, 0.900875, 0.434063, 1.00031, 1.66893e-06, -2.98023e-07, 0.0730946, 1.52904, -0.0396624)
joint_offset = Transform3D(1, 0, 0, 0, 1, 0, 0, 0, 1, -1.38897e-06, 1.83434e-06, 0.0811368)
body_offset = Transform3D(1.00031, 3.27826e-07, -5.06639e-07, -4.17233e-07, -3.08454e-06, -0.999999, 6.55651e-07, 0.999994, -4.97699e-06, 1.43051e-06, 0.0811367, -1.43051e-06)

[node name="Physical Bone UpperArm_L" parent="Stage/Comedian/jerry_animated/ManCasual3Armature/Skeleton3D" index="6"]
transform = Transform3D(0.597803, 0.801541, -0.0111708, 0.0363227, -0.0131663, 0.999251, 0.800768, -0.597796, -0.0369917, 0.147568, 1.35585, -0.0344057)
joint_offset = Transform3D(1, 0, 0, 0, 1, 0, 0, 0, 1, -1.59731e-05, 0.000229208, 0.138076)
body_offset = Transform3D(0.816285, -0.576167, -0.0408394, 0.575914, 0.817287, -0.0181308, 0.0438178, -0.00871776, 0.999, 0.00578403, 0.0023253, -0.137935)

[node name="Physical Bone LowerArm_L" parent="Stage/Comedian/jerry_animated/ManCasual3Armature/Skeleton3D" index="7"]
transform = Transform3D(0.00593975, 0.999903, -0.0208289, 0.00630775, 0.0207915, 0.999779, 0.999976, -0.00606886, -0.00617978, 0.195486, 1.14537, -0.223885)
joint_offset = Transform3D(1, 0, 0, 0, 1, 0, 0, 0, 1, 0.180372, 0.23281, 0.340346)
body_offset = Transform3D(0.998255, -0.0588949, -0.00672078, 0.0588876, 0.998402, -0.000427241, 0.00673719, 2.82079e-05, 0.999993, -0.164059, -0.242914, -0.341566)

[node name="Physical Bone Hand_L" parent="Stage/Comedian/jerry_animated/ManCasual3Armature/Skeleton3D" index="8"]
transform = Transform3D(-0.991077, -0.132824, -0.0349094, 0.00864861, -0.314148, 0.949615, -0.137049, 0.940381, 0.312327, 0.19947, 1.00853, -0.238931)
joint_offset = Transform3D(1, 0, 0, 0, 1, 0, 0, 0, 1, -0.420449, -0.0168523, 0.510872)
body_offset = Transform3D(-0.185941, 0.932063, 0.311984, -0.983014, -0.180878, -0.0453669, 0.0141385, -0.314943, 0.949286, -0.221856, -0.393179, -0.484327)

[node name="Physical Bone FingerLittle_L" parent="Stage/Comedian/jerry_animated/ManCasual3Armature/Skeleton3D" index="9"]
transform = Transform3D(-0.999546, 0.0141244, -0.026346, -0.027751, -0.111111, 0.993456, 0.011098, 0.994071, 0.11141, 0.201107, 0.950429, -0.255755)
joint_offset = Transform3D(1, 0, 0, 0, 1, 0, 0, 0, 1, -0.508599, 0.136234, 0.553248)
body_offset = Transform3D(0.000331376, 0.116223, -0.99326, -0.998544, -0.0534224, -0.00658116, -0.0538078, 0.992149, 0.115993, 0.533854, -0.496939, -0.226704)

[node name="Physical Bone FingerLittle01_L" parent="Stage/Comedian/jerry_animated/ManCasual3Armature/Skeleton3D" index="10"]
transform = Transform3D(0.000570893, 0.971553, 0.236827, -0.0683595, -0.236235, 0.969284, 0.998018, -0.0167362, 0.0662571, 0.199001, 0.929772, -0.257654)
joint_offset = Transform3D(1, 0, 0, 0, 1, 0, 0, 0, 1, 0.152764, 0.366824, 0.688084)
body_offset = Transform3D(0.998246, 0.00616628, 0.0646276, -0.00614169, 0.999982, -0.000603825, -0.0646525, 0.000208363, 0.997904, -0.199227, -0.365464, -0.676842)

[node name="Physical Bone FingerRing_L" parent="Stage/Comedian/jerry_animated/ManCasual3Armature/Skeleton3D" index="11"]
transform = Transform3D(-1.00057, 0.0152874, 0.00386263, 0.00224117, -0.104928, 0.994903, 0.0156039, 0.995124, 0.104848, 0.203216, 0.942656, -0.238992)
joint_offset = Transform3D(1, 0, 0, 0, 1, 0, 0, 0, 1, -0.49611, 0.139692, 0.576761)
body_offset = Transform3D(0.000571411, 0.112733, -0.994052, -0.999777, -0.042592, -0.00540296, -0.0429305, 0.993475, 0.11257, 0.557866, -0.486934, -0.225005)

[node name="Physical Bone FingerRing01_L" parent="Stage/Comedian/jerry_animated/ManCasual3Armature/Skeleton3D" index="12"]
transform = Transform3D(0.00782126, 0.90619, 0.422791, -0.0410891, -0.422158, 0.905589, 0.99904, -0.0244571, 0.033937, 0.197373, 0.920902, -0.240462)
joint_offset = Transform3D(1, 0, 0, 0, 1, 0, 0, 0, 1, 0.172116, 0.228946, 0.754716)
body_offset = Transform3D(0.998973, -0.0294657, 0.0318594, 0.0294577, 0.999563, 0.000645787, -0.0318608, 0.000290185, 0.99949, -0.189238, -0.234404, -0.748913)

[node name="Physical Bone FingerMiddle_L" parent="Stage/Comedian/jerry_animated/ManCasual3Armature/Skeleton3D" index="13"]
transform = Transform3D(-0.992592, 0.0113071, 0.121296, 0.120255, -0.0682442, 0.990405, 0.0194748, 0.997605, 0.0663765, 0.200889, 0.938689, -0.222922)
joint_offset = Transform3D(1, 0, 0, 0, 1, 0, 0, 0, 1, -0.42746, 0.158394, 0.630176)
body_offset = Transform3D(0.000616662, 0.0726968, -0.997365, -1.00004, -0.00164181, -0.000735503, -0.00169292, 0.997353, 0.0726959, 0.617265, -0.426753, -0.20451)

[node name="Physical Bone FingerMiddle01_L" parent="Stage/Comedian/jerry_animated/ManCasual3Armature/Skeleton3D" index="14"]
transform = Transform3D(0.00860184, 0.88606, 0.463492, -0.0396981, -0.462838, 0.885552, 0.999182, -0.0260168, 0.0311925, 0.194761, 0.915942, -0.224249)
joint_offset = Transform3D(1, 0, 0, 0, 1, 0, 0, 0, 1, 0.173625, 0.202254, 0.769752)
body_offset = Transform3D(0.999059, -0.0325248, 0.0289329, 0.0325201, 0.999471, 0.000644356, -0.0289397, 0.000299975, 0.999582, -0.189155, -0.208289, -0.764466)

[node name="Physical Bone FingerIndex_L" parent="Stage/Comedian/jerry_animated/ManCasual3Armature/Skeleton3D" index="15"]
transform = Transform3D(-0.999845, 0.0149872, 0.00563945, 0.00528787, -0.0233516, 0.999885, 0.0151136, 0.999709, 0.0232705, 0.200632, 0.940963, -0.205871)
joint_offset = Transform3D(1, 0, 0, 0, 1, 0, 0, 0, 1, -0.49816, 0.1853, 0.564542)
body_offset = Transform3D(0.000527264, 0.03053, -0.999706, -0.999239, 0.0383157, 0.000642563, 0.0383137, 0.998894, 0.0305294, 0.558981, -0.505243, -0.183244)

[node name="Physical Bone FingerIndex01_L" parent="Stage/Comedian/jerry_animated/ManCasual3Armature/Skeleton3D" index="16"]
transform = Transform3D(0.00810558, 0.928109, 0.372453, -0.0395153, -0.372034, 0.927492, 0.999219, -0.0222419, 0.0336601, 0.197798, 0.923966, -0.206312)
joint_offset = Transform3D(1, 0, 0, 0, 1, 0, 0, 0, 1, 0.173178, 0.27129, 0.735502)
body_offset = Transform3D(0.999117, -0.0289274, 0.0315347, 0.0289117, 0.999727, 0.000703096, -0.0315388, 7.84695e-05, 0.999551, -0.188372, -0.27674, -0.729732)

[node name="Physical Bone FingerThumb_L" parent="Stage/Comedian/jerry_animated/ManCasual3Armature/Skeleton3D" index="17"]
transform = Transform3D(-0.997318, 0.0131223, 0.0721006, 0.0709062, 0.421281, 0.90437, -0.0184982, 0.907275, -0.420783, 0.186925, 0.979996, -0.186946)
joint_offset = Transform3D(1, 0, 0, 0, 1, 0, 0, 0, 1, -0.443583, 0.385421, 0.414192)
body_offset = Transform3D(-0.000657756, -0.447603, -0.894463, -0.895311, 0.398798, -0.198726, 0.445454, 0.800881, -0.400732, 0.542703, -0.46854, 0.0549002)

[node name="Physical Bone FingerThumb01_L" parent="Stage/Comedian/jerry_animated/ManCasual3Armature/Skeleton3D" index="18"]
transform = Transform3D(-0.0620529, 0.992322, 0.107011, 0.248095, -0.0885162, 0.964686, 0.966747, 0.0864083, -0.240699, 0.185009, 0.959796, -0.179516)
joint_offset = Transform3D(1, 0, 0, 0, 1, 0, 0, 0, 1, 0.280008, 0.466542, 0.513855)
body_offset = Transform3D(0.922909, -0.201977, -0.327793, 0.188895, 0.979384, -0.0716232, 0.335498, 0.00418351, 0.942034, 0.00424671, -0.473012, -0.579963)

[node name="Physical Bone Neck" parent="Stage/Comedian/jerry_animated/ManCasual3Armature/Skeleton3D" index="19"]
transform = Transform3D(1, 1.78814e-07, -2.01166e-07, 2.44861e-07, -0.241719, -0.970345, -6.55651e-07, 0.970345, -0.24172, 4.29153e-06, 1.61096, -0.0282216)
joint_offset = Transform3D(1, 0, 0, 0, 1, 0, 0, 0, 1, -3.56624e-06, 0.000186952, 0.0480847)
body_offset = Transform3D(0.999999, -2.98023e-08, -2.08616e-07, 6.70552e-08, -1.11759e-07, -0.999999, -5.06639e-07, 0.999999, -6.55651e-07, 3.57628e-06, 0.0480846, -0.00018692)

[node name="Physical Bone Head" parent="Stage/Comedian/jerry_animated/ManCasual3Armature/Skeleton3D" index="20"]
transform = Transform3D(-0.989396, -0.109643, -0.0977993, -0.0078833, 0.704379, -0.709783, 0.146696, -0.701307, -0.697627, 0.00723243, 1.71018, 0.0351973)
joint_offset = Transform3D(1, 0, 0, 0, 1, 0, 0, 0, 1, 1.60187e-07, -1.26474e-05, 0.0739668)
body_offset = Transform3D(-0.989396, -0.109643, -0.0977992, -6.14673e-08, 0.665731, -0.746196, 0.146908, -0.738095, -0.658534, 0.00723267, 0.0552021, 0.0487003)

[node name="Physical Bone Shoulder_R" parent="Stage/Comedian/jerry_animated/ManCasual3Armature/Skeleton3D" index="21"]
transform = Transform3D(-1.19209e-07, -0.434066, 0.900877, -6.58458e-07, 0.900874, 0.434065, -0.999997, -1.04308e-06, -6.55651e-07, -0.0730908, 1.52903, -0.0396824)
joint_offset = Transform3D(1, 0, 0, 0, 1, 0, 0, 0, 1, -1.90832e-05, 1.05563e-05, 0.0811385)
body_offset = Transform3D(0.999996, 4.32134e-07, 1.19209e-07, -8.9407e-08, -7.7486e-07, -0.999996, 1.19209e-07, 0.999993, -2.27988e-06, 1.90735e-05, 0.0811381, -1.03712e-05)

[node name="Physical Bone UpperArm_R" parent="Stage/Comedian/jerry_animated/ManCasual3Armature/Skeleton3D" index="22"]
transform = Transform3D(0.542039, -0.840296, 0.00809581, -0.027064, -0.0270918, -0.999299, 0.839888, 0.541471, -0.0374311, -0.147464, 1.63179, -0.0343642)
joint_offset = Transform3D(1, 0, 0, 0, 1, 0, 0, 0, 1, -3.00142e-05, -0.000194139, 0.138078)
body_offset = Transform3D(-0.825232, -0.563771, 0.0340694, -0.564025, 0.825736, 0.000857087, -0.0286097, -0.0185118, -0.999452, -0.00483847, 2.5034e-05, 0.137998)

[node name="Physical Bone LowerArm_R" parent="Stage/Comedian/jerry_animated/ManCasual3Armature/Skeleton3D" index="23"]
transform = Transform3D(0.195542, -0.98068, 0.00371183, 0.499466, 0.0963333, -0.860949, 0.843922, 0.170206, 0.508664, -0.157689, 1.85525, -0.113194)
joint_offset = Transform3D(1, 0, 0, 0, 1, 0, 0, 0, 1, -0.177527, 0.235689, 0.34574)
body_offset = Transform3D(-0.852245, -0.118023, -0.50957, -0.140305, 0.990085, 0.00534531, 0.503885, 0.0760506, -0.860405, 0.0526986, -0.260108, 0.369005)

[node name="Physical Bone Hand_R" parent="Stage/Comedian/jerry_animated/ManCasual3Armature/Skeleton3D" index="24"]
transform = Transform3D(-0.998575, -0.0422508, -0.0419256, 0.0499287, -0.209144, -0.976611, 0.0325647, -0.97698, 0.210882, -0.156368, 1.98104, -0.169106)
joint_offset = Transform3D(1, 0, 0, 0, 1, 0, 0, 0, 1, 0.423316, -0.0080976, 0.520734)
body_offset = Transform3D(-0.0820657, 0.974078, -0.210878, 0.995984, 0.0894917, 0.0263196, 0.0445658, -0.2078, -0.977158, 0.152439, -0.434597, 0.488292)

[node name="Physical Bone FingerLittle_R" parent="Stage/Comedian/jerry_animated/ManCasual3Armature/Skeleton3D" index="25"]
transform = Transform3D(-0.979662, -0.200287, -0.0130604, 0.0928023, -0.394305, -0.914273, 0.17797, -0.896888, 0.404863, -0.154125, 2.03975, -0.184029)
joint_offset = Transform3D(1, 0, 0, 0, 1, 0, 0, 0, 1, 0.50277, 0.214549, 0.549917)
body_offset = Transform3D(0.0649969, -0.395352, -0.916218, 0.968205, 0.247298, -0.0380232, 0.241614, -0.884614, 0.398846, 0.555988, -0.518932, -0.151016)

[node name="Physical Bone FingerLittle01_R" parent="Stage/Comedian/jerry_animated/ManCasual3Armature/Skeleton3D" index="26"]
transform = Transform3D(0.188487, -0.946534, -0.262407, 0.434601, 0.320118, -0.841872, 0.880677, 0.0446036, 0.471617, -0.15122, 2.05823, -0.193238)
joint_offset = Transform3D(1, 0, 0, 0, 1, 0, 0, 0, 1, -0.237403, 0.363667, 0.679262)
body_offset = Transform3D(-0.873273, -0.0630364, -0.483139, -0.305995, 0.842763, 0.443102, 0.379155, 0.534948, -0.755159, 0.143785, -0.680112, 0.40842)

[node name="Physical Bone FingerRing_R" parent="Stage/Comedian/jerry_animated/ManCasual3Armature/Skeleton3D" index="27"]
transform = Transform3D(-0.978402, -0.201662, -0.0414698, 0.120886, -0.39986, -0.908555, 0.166612, -0.894117, 0.415668, -0.158206, 2.03823, -0.202151)
joint_offset = Transform3D(1, 0, 0, 0, 1, 0, 0, 0, 1, 0.494989, 0.186495, 0.575408)
body_offset = Transform3D(0.122202, -0.392244, -0.911694, 0.966601, 0.254852, 0.019958, 0.224482, -0.883853, 0.410353, 0.537259, -0.537469, -0.182402)

[node name="Physical Bone FingerRing01_R" parent="Stage/Comedian/jerry_animated/ManCasual3Armature/Skeleton3D" index="28"]
transform = Transform3D(0.196378, -0.877429, -0.437701, 0.458006, 0.476786, -0.750272, 0.867018, -0.0531312, 0.495491, -0.152703, 2.0572, -0.212529)
joint_offset = Transform3D(1, 0, 0, 0, 1, 0, 0, 0, 1, -0.225126, 0.228306, 0.749462)
body_offset = Transform3D(-0.868173, 0.0577806, -0.492941, -0.367183, 0.593471, 0.71623, 0.333924, 0.802798, -0.493989, 0.1608, -0.754943, 0.262117)

[node name="Physical Bone FingerMiddle_R" parent="Stage/Comedian/jerry_animated/ManCasual3Armature/Skeleton3D" index="29"]
transform = Transform3D(-0.968541, -0.199057, -0.149406, 0.223734, -0.433507, -0.872979, 0.10899, -0.879029, 0.464356, -0.159829, 2.03357, -0.217853)
joint_offset = Transform3D(1, 0, 0, 0, 1, 0, 0, 0, 1, 0.427556, 0.175312, 0.633039)
body_offset = Transform3D(0.338364, -0.400719, -0.851472, 0.931872, 0.268553, 0.243967, 0.130886, -0.876098, 0.464239, 0.464596, -0.599948, -0.196252)

[node name="Physical Bone FingerMiddle01_R" parent="Stage/Comedian/jerry_animated/ManCasual3Armature/Skeleton3D" index="30"]
transform = Transform3D(0.197185, -0.856626, -0.476789, 0.459149, 0.510383, -0.72712, 0.866224, -0.0755344, 0.493955, -0.15317, 2.05311, -0.229267)
joint_offset = Transform3D(1, 0, 0, 0, 1, 0, 0, 0, 1, -0.198611, 0.197352, 0.777801)
body_offset = Transform3D(-0.868011, 0.0808589, -0.489958, -0.381828, 0.522162, 0.762615, 0.317502, 0.849007, -0.422353, 0.192736, -0.772048, 0.224013)

[node name="Physical Bone FingerIndex_R" parent="Stage/Comedian/jerry_animated/ManCasual3Armature/Skeleton3D" index="31"]
transform = Transform3D(-0.978647, -0.203829, -0.0278555, 0.123305, -0.472733, -0.872531, 0.164686, -0.857306, 0.487756, -0.162792, 2.02317, -0.231279)
joint_offset = Transform3D(1, 0, 0, 0, 1, 0, 0, 0, 1, 0.501193, 0.173087, 0.57839)
body_offset = Transform3D(0.127688, -0.465319, -0.87588, 0.981508, 0.186489, 0.0439992, 0.142875, -0.865273, 0.480512, 0.523145, -0.549653, -0.199763)

[node name="Physical Bone FingerIndex01_R" parent="Stage/Comedian/jerry_animated/ManCasual3Armature/Skeleton3D" index="32"]
transform = Transform3D(0.19673, -0.900169, -0.388586, 0.459355, 0.434761, -0.774591, 0.866223, -0.026114, 0.499017, -0.159657, 2.03771, -0.239825)
joint_offset = Transform3D(1, 0, 0, 0, 1, 0, 0, 0, 1, -0.163805, 0.26847, 0.749839)
body_offset = Transform3D(-0.867825, 0.0321687, -0.495871, -0.347776, 0.673468, 0.652307, 0.354942, 0.738518, -0.573251, 0.221033, -0.726899, 0.289717)

[node name="Physical Bone FingerThumb_R" parent="Stage/Comedian/jerry_animated/ManCasual3Armature/Skeleton3D" index="33"]
transform = Transform3D(-0.981297, -0.192372, -0.00719279, 0.16293, -0.810046, -0.563281, 0.102532, -0.553911, 0.826239, -0.153644, 1.9786, -0.229613)
joint_offset = Transform3D(1, 0, 0, 0, 1, 0, 0, 0, 1, 0.443904, 0.372327, 0.468378)
body_offset = Transform3D(0.233851, -0.810573, -0.536928, 0.902338, -0.0247216, 0.430324, -0.362082, -0.585114, 0.725629, 0.449476, -0.592901, 0.0387149)

[node name="Physical Bone FingerThumb01_R" parent="Stage/Comedian/jerry_animated/ManCasual3Armature/Skeleton3D" index="34"]
transform = Transform3D(0.126858, -0.988945, -0.0767054, 0.698999, 0.143994, -0.70047, 0.703779, 0.0352389, 0.709539, -0.152844, 1.99214, -0.246424)
joint_offset = Transform3D(1, 0, 0, 0, 1, 0, 0, 0, 1, -0.244072, 0.462599, 0.577422)
body_offset = Transform3D(-0.659841, 0.265911, -0.702777, 0.00323528, 0.93628, 0.351219, 0.751397, 0.229475, -0.618658, 0.12174, -0.635134, 0.434467)

[node name="Physical Bone UpperLeg_L" parent="Stage/Comedian/jerry_animated/ManCasual3Armature/Skeleton3D" index="35"]
transform = Transform3D(0.000144899, -0.999821, 0.0330837, -0.0202559, 0.0330885, 0.999132, -0.999851, -0.00081566, -0.0202345, 0.0771015, 0.72723, -0.00861549)
joint_offset = Transform3D(1, 0, 0, 0, 1, 0, 0, 0, 1, -1.1523e-05, 2.21653e-06, 0.206687)
body_offset = Transform3D(1.00006, 5.06639e-07, -1.92225e-06, 1.24797e-07, 1.19023e-06, -0.999884, -3.57628e-07, 1.00038, -3.46452e-07, 1.19209e-05, 0.206663, -2.14577e-06)

[node name="Physical Bone LowerLeg_L" parent="Stage/Comedian/jerry_animated/ManCasual3Armature/Skeleton3D" index="36"]
transform = Transform3D(0.999477, 0.00168005, 0.0329439, -0.0329834, 0.0465049, 0.998393, 0.00014618, -0.998917, 0.0465349, 0.0636995, 0.321887, -0.0136862)
joint_offset = Transform3D(1, 0, 0, 0, 1, 0, 0, 0, 1, 1.25059e-06, 2.25491e-06, 0.199151)
body_offset = Transform3D(1.00003, -2.38419e-07, 3.29758e-06, 1.39466e-07, -2.4261e-07, -1.00002, -2.98023e-07, 1, 6.49132e-07, -1.90735e-06, 0.199155, -2.38419e-06)

[node name="Physical Bone Foot_L" parent="Stage/Comedian/jerry_animated/ManCasual3Armature/Skeleton3D" index="37"]
transform = Transform3D(-0.999803, 0.00145745, 0.00340915, 0.00370533, 0.394474, 0.918906, -4.79817e-06, 0.918963, -0.394458, 0.0569677, 0.0790687, -0.00406647)
joint_offset = Transform3D(1, 0, 0, 0, 1, 0, 0, 0, 1, -1.04331e-05, -3.41402e-06, 0.0478786)
body_offset = Transform3D(0.99982, 2.98023e-07, -1.2368e-06, -2.98023e-08, 4.26173e-06, -0.999999, 2.38419e-07, 1.00005, 1.59442e-06, 1.04904e-05, 0.0478785, 3.33786e-06)

[node name="Physical Bone UpperLeg_R" parent="Stage/Comedian/jerry_animated/ManCasual3Armature/Skeleton3D" index="38"]
transform = Transform3D(0.000132471, 0.999452, -0.033057, 0.0202872, 0.0330453, 0.999032, 0.999792, -0.000802338, -0.0202667, -0.0770845, 0.727234, -0.00860596)
joint_offset = Transform3D(1, 0, 0, 0, 1, 0, 0, 0, 1, 8.5009e-06, -1.92834e-05, 0.206705)
body_offset = Transform3D(0.999998, 8.9407e-07, 3.97675e-07, -2.6077e-07, -6.33299e-08, -0.999784, -1.78814e-07, 0.999997, -9.36538e-06, -8.58307e-06, 0.20666, 2.12193e-05)

[node name="Physical Bone LowerLeg_R" parent="Stage/Comedian/jerry_animated/ManCasual3Armature/Skeleton3D" index="39"]
transform = Transform3D(0.999454, -0.00166523, -0.0329092, 0.032956, 0.0464724, 0.998431, -0.000130713, -0.998964, 0.0465079, -0.0637045, 0.321861, -0.0136585)
joint_offset = Transform3D(1, 0, 0, 0, 1, 0, 0, 0, 1, -1.56283e-05, 1.17888e-05, 0.19917)
body_offset = Transform3D(0.999996, -5.96046e-07, 1.85519e-06, -5.15208e-06, 1.27405e-06, -1.00006, -1.78814e-06, 1.00005, -4.12762e-06, 1.52588e-05, 0.199181, -1.09673e-05)

[node name="Physical Bone Foot_R" parent="Stage/Comedian/jerry_animated/ManCasual3Armature/Skeleton3D" index="40"]
transform = Transform3D(-0.999991, -0.00146759, -0.00336942, -0.00367384, 0.394484, 0.918889, -1.84178e-05, 0.9189, -0.394489, -0.0569944, 0.0790604, -0.00403881)
joint_offset = Transform3D(1, 0, 0, 0, 1, 0, 0, 0, 1, 1.07339e-05, 1.64098e-08, 0.0478857)
body_offset = Transform3D(0.999997, 1.2219e-06, -1.04308e-07, -9.23872e-07, 3.57628e-06, -0.999994, 1.78814e-07, 0.999998, -3.42727e-07, -1.07288e-05, 0.0478854, 0)

[node name="MainSpotLight" type="SpotLight3D" parent="Stage" node_paths=PackedStringArray("target")]
transform = Transform3D(1, 0, 0, 0, -4.37114e-08, 1, 0, -1, -4.37114e-08, -0.0337095, 3.83772, -0.0937908)
light_color = Color(1, 0.929412, 0.886275, 1)
light_energy = 10.753
light_indirect_energy = 4.63
light_volumetric_fog_energy = 0.0
light_bake_mode = 1
spot_range = 12.125
spot_angle = 21.0
script = ExtResource("10_sw7mm")
target = NodePath("../Comedian")

[node name="MainSpotLight2" type="SpotLight3D" parent="Stage"]
transform = Transform3D(1, 0, 0, 0, 0.860333, -0.509732, 0, 0.509732, 0.860333, 0.00699139, 0.754075, 1.30782)
light_color = Color(0.992157, 0.788235, 0.564706, 1)
light_energy = 10.0
light_indirect_energy = 0.0
light_volumetric_fog_energy = 0.0
light_specular = 0.15
light_bake_mode = 1
spot_range = 5.791
spot_angle = 44.12

[node name="MainSpotLight3" type="SpotLight3D" parent="Stage"]
transform = Transform3D(0.707107, 0.360435, 0.608347, 0, 0.860333, -0.509732, -0.707107, 0.360435, 0.608347, 1.3098, 0.754075, 1.30782)
light_color = Color(0.992157, 0.788235, 0.564706, 1)
light_energy = 10.0
light_indirect_energy = 0.0
light_volumetric_fog_energy = 0.0
light_specular = 0.15
light_bake_mode = 1
spot_range = 5.791
spot_angle = 44.12

[node name="MainSpotLight4" type="SpotLight3D" parent="Stage"]
transform = Transform3D(0.707107, -0.360435, -0.608347, 0, 0.860333, -0.509732, 0.707107, 0.360435, 0.608347, -1.11065, 0.754075, 1.30782)
light_color = Color(0.992157, 0.788235, 0.564706, 1)
light_energy = 10.0
light_indirect_energy = 0.0
light_volumetric_fog_energy = 0.0
light_specular = 0.15
light_bake_mode = 1
spot_range = 5.791
spot_angle = 44.12

[node name="Camera3D" type="Camera3D" parent="."]
transform = Transform3D(0.999619, -0.00787358, 0.026455, 0, 0.958451, 0.285256, -0.0276018, -0.285147, 0.958086, 0.119532, 2.26536, 1.4791)
fov = 67.0

[node name="PhantomCameraHost" type="Node" parent="Camera3D"]
script = ExtResource("12_w8i1b")

[node name="Floor" type="MeshInstance3D" parent="."]
transform = Transform3D(100, 0, 0, 0, 100, 0, 0, 0, 1, 0, -0.129354, 0)
mesh = SubResource("PlaneMesh_tgd07")
surface_material_override/0 = SubResource("StandardMaterial3D_0b7tw")

[node name="Floor2" type="MeshInstance3D" parent="."]
transform = Transform3D(281.5, 0, 0, 0, -1.23048e-05, -2.815, 0, 281.5, -1.23048e-07, 0, -0.129354, -9.56177)
mesh = SubResource("PlaneMesh_tgd07")
surface_material_override/0 = SubResource("StandardMaterial3D_0b7tw")

[node name="BGcurt1" type="MeshInstance3D" parent="."]
transform = Transform3D(1, 0, 0, 0, 2, 0, 0, 0, 1, -5.74997, 1.77124, -5.26544)
mesh = SubResource("PlaneMesh_mxlwu")
surface_material_override/0 = SubResource("StandardMaterial3D_cgfe7")

[node name="BGcurt4" type="MeshInstance3D" parent="."]
transform = Transform3D(1, 0, 0, 0, 2, 0, 0, 0, 1, -10.6532, 1.77124, -5.26544)
mesh = SubResource("PlaneMesh_mxlwu")
surface_material_override/0 = SubResource("StandardMaterial3D_cgfe7")

[node name="BGcurt2" type="MeshInstance3D" parent="."]
transform = Transform3D(1, 0, 0, 0, 2, 0, 0, 0, 1, 5.691, 1.77124, -5.26544)
mesh = SubResource("PlaneMesh_mxlwu")
surface_material_override/0 = SubResource("StandardMaterial3D_cgfe7")

[node name="BGcurt5" type="MeshInstance3D" parent="."]
transform = Transform3D(1, 0, 0, 0, 2, 0, 0, 0, 1, 10.6496, 1.77124, -5.26544)
mesh = SubResource("PlaneMesh_mxlwu")
surface_material_override/0 = SubResource("StandardMaterial3D_cgfe7")

[node name="BGcurt3" type="MeshInstance3D" parent="."]
transform = Transform3D(1.5, 0, 0, 0, 1, 0, 0, 0, 1, -0.0691948, 2.51538, -5.35576)
gi_lightmap_scale = 3
mesh = SubResource("PlaneMesh_mxlwu")
surface_material_override/0 = SubResource("StandardMaterial3D_7k0b7")

[node name="WorldEnvironment" type="WorldEnvironment" parent="."]
environment = SubResource("Environment_568cv")

[node name="DirectionalLight3D" type="DirectionalLight3D" parent="."]
transform = Transform3D(1, 0, 0, 0, 0.5, 0.866025, 0, -0.866025, 0.5, 0, 3, 0)
visible = false

[node name="ThrowPoint" type="Node3D" parent="."]
transform = Transform3D(1, 0, 0, 0, 1, 0, 0, 0, 1, -6, 0, 6.73233)

[node name="ThrowPoint2" type="Node3D" parent="."]
transform = Transform3D(1, 0, 0, 0, 1, 0, 0, 0, 1, 6, 0, 6.73233)

[node name="Dialog" parent="." instance=ExtResource("6_gm7m2")]

[node name="Audience" parent="." instance=ExtResource("5_tr2a0")]
transform = Transform3D(1, 0, 0, 0, 1, 0, 0, 0, 1, 0, 0, 0.112713)

[node name="MetaControllerComponent" type="Node" parent="."]
script = ExtResource("6_oa1a8")

[node name="Curtains" parent="." instance=ExtResource("11_5thl5")]
transform = Transform3D(1, 0, 0, 0, 1, 0, 0, 0, 1, 0, 0.422966, -1.83624)

[node name="CameraHolder" type="Node3D" parent="."]
transform = Transform3D(1, 0, 0, 0, 1, 0, 0, 0, 1, 0.119532, 2.26536, 1.4791)

[node name="PhantomCamera3D" type="Node3D" parent="CameraHolder"]
transform = Transform3D(0.999619, -0.00787358, 0.026455, 0, 0.958451, 0.285256, -0.0276018, -0.285147, 0.958086, 0, 0, 0)
script = ExtResource("19_wpgn2")
priority_override = false
priority = 0
follow_mode = 2
follow_target = NodePath("")
follow_parameters/target_offset = Vector3(0, 0, 0)
follow_parameters/damping = false
look_at_mode = 2
look_at_target = NodePath("../../BGcurt3")
look_at_parameters/look_at_target_offset = Vector3(0, -2.285, 0)
tween_parameters = null
tween_on_load = false
inactive_update_mode = 0
camera_3D_resource = null

[editable path="Stage"]
[editable path="Stage/Comedian"]
[editable path="Stage/Comedian/jerry_animated"]
