[gd_scene load_steps=35 format=3 uid="uid://ccj2hdg614r6x"]

[ext_resource type="Script" path="res://scripts/main.gd" id="1_b1maf"]
[ext_resource type="PackedScene" uid="uid://d2mrod3qas5ag" path="res://scenes/stage/stage.tscn" id="2_vo661"]
[ext_resource type="AudioStream" uid="uid://cang8mtxhcavx" path="res://sounds/dialog click.wav" id="2_vufv1"]
[ext_resource type="LabelSettings" uid="uid://b2x0t1372bbfe" path="res://other/custom_font.tres" id="2_yj32p"]
[ext_resource type="Texture2D" uid="uid://kcapb53jlbeh" path="res://art/Textures/CurtainBackground.png" id="3_a7hrh"]
[ext_resource type="PackedScene" uid="uid://dho75wjw3lpdb" path="res://scenes/items/bad items/small/badegg.tscn" id="3_ig4ll"]
[ext_resource type="PackedScene" uid="uid://bsegc7ynhiuw3" path="res://scenes/items/bad items/small/bottle.tscn" id="4_c4yai"]
[ext_resource type="Texture2D" uid="uid://bgq5tncga5465" path="res://art/Textures/bgwall.png" id="4_w4ekb"]
[ext_resource type="PackedScene" uid="uid://6qm3qblaon8" path="res://scenes/items/bad items/small/tomato.tscn" id="5_eela6"]
[ext_resource type="PackedScene" uid="uid://bqmwo30x358hn" path="res://scenes/audience/audience.tscn" id="5_tr2a0"]
[ext_resource type="PackedScene" uid="uid://dc8411dbc438i" path="res://scenes/dialog.tscn" id="6_gm7m2"]
[ext_resource type="Script" path="res://scripts/meta_controller_component.gd" id="6_oa1a8"]
[ext_resource type="PackedScene" uid="uid://c52n6jpt5x8yd" path="res://scenes/items/bad items/large/chair.tscn" id="6_w1yu1"]
[ext_resource type="PackedScene" uid="uid://c1ky3pnkcfhnj" path="res://scenes/items/bad items/large/plantpot.tscn" id="7_wvk6e"]
[ext_resource type="PackedScene" uid="uid://lbs7f5s2cxwr" path="res://scenes/items/bad items/large/toilet.tscn" id="8_sembv"]
[ext_resource type="PackedScene" uid="uid://bo2vqtg0xnepl" path="res://scenes/items/good_item_placeholder.tscn" id="9_6srqn"]
[ext_resource type="Script" path="res://scripts/targetedSpotlight.gd" id="10_sw7mm"]
[ext_resource type="PackedScene" uid="uid://cebm4d3qar0nq" path="res://scenes/stage/curtains.tscn" id="11_5thl5"]
[ext_resource type="Script" path="res://addons/phantom_camera/scripts/phantom_camera_host/phantom_camera_host.gd" id="12_w8i1b"]
[ext_resource type="Script" path="res://scripts/CameraHolder.gd" id="19_2cjh3"]
[ext_resource type="Script" path="res://addons/phantom_camera/scripts/phantom_camera/phantom_camera_3D.gd" id="19_wpgn2"]
[ext_resource type="Script" path="res://addons/phantom_camera/scripts/resources/tween_resource.gd" id="21_npw2q"]

[sub_resource type="FontFile" id="FontFile_bx7qq"]
subpixel_positioning = 0
msdf_pixel_range = 14
msdf_size = 128
cache/0/36/0/ascent = 0.0
cache/0/36/0/descent = 0.0
cache/0/36/0/underline_position = 0.0
cache/0/36/0/underline_thickness = 0.0
cache/0/36/0/scale = 1.0
cache/0/36/0/kerning_overrides/36/0 = Vector2(0, 0)
cache/0/36/0/kerning_overrides/16/0 = Vector2(0, 0)
cache/0/16/0/ascent = 0.0
cache/0/16/0/descent = 0.0
cache/0/16/0/underline_position = 0.0
cache/0/16/0/underline_thickness = 0.0
cache/0/16/0/scale = 1.0
cache/0/16/0/kerning_overrides/36/0 = Vector2(0, 0)
cache/0/16/0/kerning_overrides/16/0 = Vector2(0, 0)

[sub_resource type="LabelSettings" id="LabelSettings_i6pg1"]
line_spacing = 5.0
font = SubResource("FontFile_bx7qq")
font_size = 36
font_color = Color(0, 0, 0, 1)
outline_size = 10
outline_color = Color(0.996078, 0.996078, 0.996078, 1)
shadow_size = 9
shadow_color = Color(0, 0, 0, 1)
shadow_offset = Vector2(1, 6.18)

[sub_resource type="LabelSettings" id="LabelSettings_we3ky"]
outline_size = 3
outline_color = Color(0, 0, 0, 1)
shadow_size = 3
shadow_offset = Vector2(1, 2)

[sub_resource type="BoxShape3D" id="BoxShape3D_50v41"]
size = Vector3(1.74309, 1.34277, 1)

[sub_resource type="PlaneMesh" id="PlaneMesh_tgd07"]
size = Vector2(10, 10)

[sub_resource type="StandardMaterial3D" id="StandardMaterial3D_0b7tw"]
albedo_color = Color(0, 0, 0, 1)

[sub_resource type="PlaneMesh" id="PlaneMesh_mxlwu"]
size = Vector2(5, 5)
orientation = 2

[sub_resource type="StandardMaterial3D" id="StandardMaterial3D_cgfe7"]
albedo_texture = ExtResource("3_a7hrh")

[sub_resource type="StandardMaterial3D" id="StandardMaterial3D_7k0b7"]
albedo_texture = ExtResource("4_w4ekb")

[sub_resource type="Environment" id="Environment_568cv"]
ambient_light_color = Color(0.658824, 0.658824, 0.658824, 1)

[sub_resource type="Curve3D" id="Curve3D_w80mh"]
_data = {
"points": PackedVector3Array(0, 0, 0, 0, 0, 0, -0.35438, 0.0159755, -0.0491574, 0, 0, 0, 0, 0, 0, 0.356039, -0.0380924, -0.115612),
"tilts": PackedFloat32Array(0, 0)
}
point_count = 2

[sub_resource type="Resource" id="Resource_gw4p2"]
script = ExtResource("21_npw2q")
duration = 1.0
transition = 0
ease = 0

[node name="Main" type="Node3D"]
script = ExtResource("1_b1maf")
STARTING_COMEDY_SCORE = 50.0
stage_path = NodePath("Stage")
dialog_path = NodePath("Dialog")
curtains_path = NodePath("Curtains")

[node name="Dialog" parent="." instance=ExtResource("6_gm7m2")]

[node name="Menu" type="CanvasLayer" parent="."]

[node name="StartGame" type="ColorRect" parent="Menu"]
self_modulate = Color(0.215686, 0.215686, 0.215686, 0.196078)
anchors_preset = 8
anchor_left = 0.5
anchor_top = 0.5
anchor_right = 0.5
anchor_bottom = 0.5
offset_left = -581.0
offset_top = -330.0
offset_right = 587.0
offset_bottom = 333.0
grow_horizontal = 2
grow_vertical = 2

[node name="StartButton" type="Button" parent="Menu/StartGame"]
layout_mode = 0
offset_left = 378.0
offset_top = 266.0
offset_right = 787.0
offset_bottom = 420.0
metadata/_edit_group_ = true

[node name="ButtonText" type="Label" parent="Menu/StartGame/StartButton"]
layout_mode = 1
anchors_preset = 8
anchor_left = 0.5
anchor_top = 0.5
anchor_right = 0.5
anchor_bottom = 0.5
offset_left = -246.5
offset_top = -78.5
offset_right = 246.5
offset_bottom = 78.5
grow_horizontal = 2
grow_vertical = 2
text = "Start :)"
label_settings = SubResource("LabelSettings_i6pg1")
horizontal_alignment = 1
vertical_alignment = 1
autowrap_mode = 2

[node name="GameOver" type="ColorRect" parent="Menu"]
visible = false
self_modulate = Color(0.772549, 0.0745098, 0.0980392, 0.321569)
anchors_preset = 8
anchor_left = 0.5
anchor_top = 0.5
anchor_right = 0.5
anchor_bottom = 0.5
offset_left = -581.0
offset_top = -330.0
offset_right = 587.0
offset_bottom = 333.0
grow_horizontal = 2
grow_vertical = 2

[node name="RetryButton" type="Button" parent="Menu/GameOver"]
layout_mode = 0
offset_left = 378.0
offset_top = 283.0
offset_right = 787.0
offset_bottom = 437.0
metadata/_edit_group_ = true

[node name="ButtonText" type="Label" parent="Menu/GameOver/RetryButton"]
layout_mode = 1
anchors_preset = 8
anchor_left = 0.5
anchor_top = 0.5
anchor_right = 0.5
anchor_bottom = 0.5
offset_left = -246.5
offset_top = -78.5
offset_right = 246.5
offset_bottom = 78.5
grow_horizontal = 2
grow_vertical = 2
text = "Retry"
label_settings = SubResource("LabelSettings_i6pg1")
horizontal_alignment = 1
vertical_alignment = 1
autowrap_mode = 2

[node name="FinalScoreLabel" type="Label" parent="Menu/GameOver"]
layout_mode = 1
anchors_preset = 8
anchor_left = 0.5
anchor_top = 0.5
anchor_right = 0.5
anchor_bottom = 0.5
offset_left = -206.0
offset_top = -153.5
offset_right = 210.0
offset_bottom = -100.5
grow_horizontal = 2
grow_vertical = 2
label_settings = ExtResource("2_yj32p")
horizontal_alignment = 1

[node name="Click" type="AudioStreamPlayer" parent="Menu"]
stream = ExtResource("2_vufv1")

[node name="ScoreDisplay" type="Label" parent="Menu"]
anchors_preset = 1
anchor_left = 1.0
anchor_right = 1.0
offset_left = -46.0
offset_bottom = 37.0
grow_horizontal = 0
label_settings = SubResource("LabelSettings_we3ky")

[node name="Stage" parent="." instance=ExtResource("2_vo661")]
transform = Transform3D(1, 0, 0, 0, 1, 0, 0, 0, 1, 0, 0, -2.97054)
throw_point1_path = NodePath("../ThrowPoint")
throw_point2_path = NodePath("../ThrowPoint2")
throwable_bads = Array[PackedScene]([ExtResource("3_ig4ll"), ExtResource("4_c4yai"), ExtResource("5_eela6"), ExtResource("6_w1yu1"), ExtResource("7_wvk6e"), ExtResource("8_sembv"), ExtResource("6_w1yu1"), ExtResource("3_ig4ll"), ExtResource("4_c4yai"), ExtResource("4_c4yai"), ExtResource("4_c4yai"), ExtResource("5_eela6"), ExtResource("5_eela6"), ExtResource("5_eela6"), ExtResource("5_eela6"), ExtResource("5_eela6"), ExtResource("5_eela6")])
throwable_goods = Array[PackedScene]([ExtResource("9_6srqn")])

[node name="Comedian" parent="Stage" index="1"]
transform = Transform3D(0.642921, 0, 0.765932, 0, 1, 0, -0.765932, 0, 0.642921, -4.11465, 1.26738, -1.86379)
collision_layer = 3
dialog_path = NodePath("../../Dialog")

[node name="Physical Bone Hips" parent="Stage/Comedian/jerry_animated/ManCasual3Armature/Skeleton3D" index="1"]
transform = Transform3D(0.999997, -5.96046e-08, -1.49012e-08, 5.17481e-08, -0.118392, -0.992962, 2.98023e-08, 0.992965, -0.118392, -2.14577e-06, 1.03007, 0.00625038)
joint_offset = Transform3D(1, 0, 0, 0, 1, 0, 0, 0, 1, 2.38498e-06, -3.19735e-07, 0.0527968)
body_offset = Transform3D(0.999997, -2.68221e-07, -1.49012e-08, 4.84288e-08, 0.00555148, -0.99998, 2.08616e-07, 0.999982, 0.00555143, -2.38419e-06, 0.0527958, -0.000292778)

[node name="Physical Bone Spine" parent="Stage/Comedian/jerry_animated/ManCasual3Armature/Skeleton3D" index="2"]
transform = Transform3D(0.999996, 1.2219e-06, -1.86265e-08, 1.90238e-09, -0.0438469, -0.999023, -3.27826e-07, 0.999035, -0.0438468, -4.76837e-07, 1.18061, 0.0168056)
joint_offset = Transform3D(1, 0, 0, 0, 1, 0, 0, 0, 1, 2.40246e-07, 2.85299e-06, 0.0982024)
body_offset = Transform3D(0.999996, 9.83477e-07, -1.86265e-08, -1.11759e-08, 5.12227e-07, -0.999985, -5.96046e-08, 0.999996, 8.19564e-08, -2.38419e-07, 0.0982009, -2.86102e-06)

[node name="Physical Bone Chest" parent="Stage/Comedian/jerry_animated/ManCasual3Armature/Skeleton3D" index="3"]
transform = Transform3D(0.999998, 1.78814e-07, 1.86265e-08, -2.52118e-08, 0.0746809, -0.9972, 1.78814e-07, 0.997205, 0.0746816, -2.6226e-06, 1.35229, 0.0156093)
joint_offset = Transform3D(1, 0, 0, 0, 1, 0, 0, 0, 1, 2.1444e-06, -4.82872e-06, 0.0737794)
body_offset = Transform3D(0.999998, 0, 1.86265e-08, -2.98023e-08, -2.03028e-07, -0.999993, 2.98023e-07, 0.999997, 8.17701e-07, -2.14577e-06, 0.0737789, 4.76837e-06)

[node name="Physical Bone UpperChest" parent="Stage/Comedian/jerry_animated/ManCasual3Armature/Skeleton3D" index="4"]
transform = Transform3D(0.999998, -2.98023e-07, -8.9407e-08, -7.31427e-07, 0.338503, -0.94108, -8.34465e-07, 0.941529, 0.338303, 2.14577e-06, 1.49505, -0.0147858)
joint_offset = Transform3D(1, 0, 0, 0, 1, 0, 0, 0, 1, -1.90078e-06, 1.56239e-06, 0.0735482)
body_offset = Transform3D(0.999998, -5.36442e-07, -8.9407e-08, -4.02331e-07, 4.16338e-05, -1.00004, -8.04663e-07, 1.00053, 4.67896e-06, 1.90735e-06, 0.0735512, -1.90735e-06)

[node name="Physical Bone Shoulder_L" parent="Stage/Comedian/jerry_animated/ManCasual3Armature/Skeleton3D" index="5"]
transform = Transform3D(-5.66244e-07, 0.434063, -0.900881, -4.53432e-07, 0.900876, 0.434063, 1.00031, 1.74344e-06, -3.27826e-07, 0.073096, 1.52904, -0.0396614)
joint_offset = Transform3D(1, 0, 0, 0, 1, 0, 0, 0, 1, -1.85599e-06, 1.12876e-06, 0.081138)
body_offset = Transform3D(1.00031, 4.02331e-07, -6.25849e-07, -5.96046e-07, -3.08454e-06, -0.999999, 5.66244e-07, 0.999994, -5.0962e-06, 1.90735e-06, 0.0811379, -7.15256e-07)

[node name="Physical Bone UpperArm_L" parent="Stage/Comedian/jerry_animated/ManCasual3Armature/Skeleton3D" index="6"]
transform = Transform3D(0.597803, 0.801541, -0.0111709, 0.0363227, -0.0131663, 0.99925, 0.800769, -0.597797, -0.0369917, 0.147568, 1.35585, -0.0344043)
joint_offset = Transform3D(1, 0, 0, 0, 1, 0, 0, 0, 1, -1.74139e-05, 0.000229641, 0.138076)
body_offset = Transform3D(0.816285, -0.576167, -0.0408394, 0.575914, 0.817287, -0.0181308, 0.0438178, -0.00871776, 0.998999, 0.00578547, 0.00232577, -0.137935)

[node name="Physical Bone LowerArm_L" parent="Stage/Comedian/jerry_animated/ManCasual3Armature/Skeleton3D" index="7"]
transform = Transform3D(0.00593993, 0.999903, -0.0208289, 0.00630775, 0.0207915, 0.999779, 0.999976, -0.00606886, -0.00617979, 0.195485, 1.14537, -0.223883)
joint_offset = Transform3D(1, 0, 0, 0, 1, 0, 0, 0, 1, 0.180372, 0.23281, 0.340347)
body_offset = Transform3D(0.998255, -0.0588948, -0.00672079, 0.0588876, 0.998402, -0.000427244, 0.00673719, 2.8206e-05, 0.999993, -0.164058, -0.242914, -0.341566)

[node name="Physical Bone Hand_L" parent="Stage/Comedian/jerry_animated/ManCasual3Armature/Skeleton3D" index="8"]
transform = Transform3D(-0.991077, -0.132824, -0.0349094, 0.00864864, -0.314147, 0.949615, -0.137048, 0.940381, 0.312327, 0.199469, 1.00853, -0.238931)
joint_offset = Transform3D(1, 0, 0, 0, 1, 0, 0, 0, 1, -0.42045, -0.0168522, 0.510873)
body_offset = Transform3D(-0.185941, 0.932063, 0.311984, -0.983014, -0.180878, -0.0453669, 0.0141385, -0.314943, 0.949286, -0.221856, -0.393179, -0.484327)

[node name="Physical Bone FingerLittle_L" parent="Stage/Comedian/jerry_animated/ManCasual3Armature/Skeleton3D" index="9"]
transform = Transform3D(-0.999546, 0.0141242, -0.026346, -0.027751, -0.11111, 0.993457, 0.0110977, 0.994071, 0.11141, 0.201109, 0.95043, -0.255755)
joint_offset = Transform3D(1, 0, 0, 0, 1, 0, 0, 0, 1, -0.508597, 0.136234, 0.553248)
body_offset = Transform3D(0.000331376, 0.116223, -0.99326, -0.998544, -0.0534225, -0.00658117, -0.0538081, 0.992149, 0.115993, 0.533854, -0.496938, -0.226704)

[node name="Physical Bone FingerLittle01_L" parent="Stage/Comedian/jerry_animated/ManCasual3Armature/Skeleton3D" index="10"]
transform = Transform3D(0.000570863, 0.971553, 0.236828, -0.0683595, -0.236235, 0.969284, 0.998018, -0.0167362, 0.066257, 0.199002, 0.929773, -0.257653)
joint_offset = Transform3D(1, 0, 0, 0, 1, 0, 0, 0, 1, 0.152763, 0.366823, 0.688083)
body_offset = Transform3D(0.998246, 0.00616625, 0.0646275, -0.00614172, 0.999982, -0.000603743, -0.0646525, 0.000208423, 0.997904, -0.199226, -0.365463, -0.676841)

[node name="Physical Bone FingerRing_L" parent="Stage/Comedian/jerry_animated/ManCasual3Armature/Skeleton3D" index="11"]
transform = Transform3D(-1.00057, 0.0152875, 0.00386265, 0.00224117, -0.104928, 0.994903, 0.015604, 0.995124, 0.104848, 0.203217, 0.942656, -0.238992)
joint_offset = Transform3D(1, 0, 0, 0, 1, 0, 0, 0, 1, -0.49611, 0.139692, 0.576761)
body_offset = Transform3D(0.000571412, 0.112733, -0.994052, -0.999777, -0.042592, -0.00540294, -0.0429304, 0.993475, 0.11257, 0.557866, -0.486933, -0.225004)

[node name="Physical Bone FingerRing01_L" parent="Stage/Comedian/jerry_animated/ManCasual3Armature/Skeleton3D" index="12"]
transform = Transform3D(0.00782135, 0.90619, 0.422791, -0.0410891, -0.422159, 0.905589, 0.999041, -0.024457, 0.0339371, 0.197373, 0.920902, -0.24046)
joint_offset = Transform3D(1, 0, 0, 0, 1, 0, 0, 0, 1, 0.172114, 0.228946, 0.754715)
body_offset = Transform3D(0.998974, -0.0294656, 0.0318595, 0.0294576, 0.999564, 0.000645816, -0.0318608, 0.000290215, 0.99949, -0.189237, -0.234404, -0.748913)

[node name="Physical Bone FingerMiddle_L" parent="Stage/Comedian/jerry_animated/ManCasual3Armature/Skeleton3D" index="13"]
transform = Transform3D(-0.992594, 0.0113071, 0.121296, 0.120256, -0.0682442, 0.990405, 0.0194748, 0.997605, 0.0663766, 0.20089, 0.938689, -0.222924)
joint_offset = Transform3D(1, 0, 0, 0, 1, 0, 0, 0, 1, -0.427458, 0.158396, 0.630176)
body_offset = Transform3D(0.000616685, 0.0726968, -0.997365, -1.00004, -0.00164187, -0.00073548, -0.00169307, 0.997353, 0.072696, 0.617264, -0.426752, -0.204512)

[node name="Physical Bone FingerMiddle01_L" parent="Stage/Comedian/jerry_animated/ManCasual3Armature/Skeleton3D" index="14"]
transform = Transform3D(0.00860178, 0.886061, 0.463492, -0.0396982, -0.462838, 0.885552, 0.999182, -0.0260168, 0.0311925, 0.194762, 0.915943, -0.22425)
joint_offset = Transform3D(1, 0, 0, 0, 1, 0, 0, 0, 1, 0.173626, 0.202254, 0.769751)
body_offset = Transform3D(0.999059, -0.0325247, 0.028933, 0.03252, 0.999471, 0.000644386, -0.0289398, 0.000300005, 0.999582, -0.189156, -0.208289, -0.764465)

[node name="Physical Bone FingerIndex_L" parent="Stage/Comedian/jerry_animated/ManCasual3Armature/Skeleton3D" index="15"]
transform = Transform3D(-0.999845, 0.0149871, 0.00563945, 0.00528787, -0.0233516, 0.999885, 0.0151135, 0.99971, 0.0232705, 0.200632, 0.940964, -0.205869)
joint_offset = Transform3D(1, 0, 0, 0, 1, 0, 0, 0, 1, -0.498159, 0.185299, 0.564541)
body_offset = Transform3D(0.000527266, 0.03053, -0.999706, -0.999239, 0.0383155, 0.000642562, 0.0383136, 0.998894, 0.0305294, 0.558981, -0.505242, -0.183243)

[node name="Physical Bone FingerIndex01_L" parent="Stage/Comedian/jerry_animated/ManCasual3Armature/Skeleton3D" index="16"]
transform = Transform3D(0.00810561, 0.928109, 0.372453, -0.0395153, -0.372034, 0.927492, 0.999219, -0.0222418, 0.0336602, 0.197799, 0.923965, -0.206312)
joint_offset = Transform3D(1, 0, 0, 0, 1, 0, 0, 0, 1, 0.173179, 0.27129, 0.735503)
body_offset = Transform3D(0.999117, -0.0289274, 0.0315347, 0.0289117, 0.999727, 0.000703186, -0.0315388, 7.8544e-05, 0.999551, -0.188372, -0.27674, -0.729732)

[node name="Physical Bone FingerThumb_L" parent="Stage/Comedian/jerry_animated/ManCasual3Armature/Skeleton3D" index="17"]
transform = Transform3D(-0.997317, 0.0131219, 0.0721005, 0.0709061, 0.421281, 0.904369, -0.0184982, 0.907275, -0.420783, 0.186926, 0.979996, -0.186944)
joint_offset = Transform3D(1, 0, 0, 0, 1, 0, 0, 0, 1, -0.443583, 0.38542, 0.414192)
body_offset = Transform3D(-0.000657758, -0.447603, -0.894463, -0.895311, 0.398798, -0.198726, 0.445454, 0.800881, -0.400732, 0.542703, -0.468539, 0.0549006)

[node name="Physical Bone FingerThumb01_L" parent="Stage/Comedian/jerry_animated/ManCasual3Armature/Skeleton3D" index="18"]
transform = Transform3D(-0.0620525, 0.992322, 0.107012, 0.248095, -0.0885162, 0.964685, 0.966747, 0.0864079, -0.240699, 0.185011, 0.959796, -0.179515)
joint_offset = Transform3D(1, 0, 0, 0, 1, 0, 0, 0, 1, 0.280007, 0.466541, 0.513854)
body_offset = Transform3D(0.922909, -0.201977, -0.327793, 0.188895, 0.979384, -0.0716231, 0.335498, 0.00418351, 0.942034, 0.00424767, -0.473011, -0.579962)

[node name="Physical Bone Neck" parent="Stage/Comedian/jerry_animated/ManCasual3Armature/Skeleton3D" index="19"]
transform = Transform3D(1, 2.08616e-07, -2.23517e-07, 2.59321e-07, -0.241719, -0.970345, -6.55651e-07, 0.970345, -0.24172, 5.48363e-06, 1.61096, -0.0282216)
joint_offset = Transform3D(1, 0, 0, 0, 1, 0, 0, 0, 1, -4.99604e-06, 0.000186952, 0.0480847)
body_offset = Transform3D(1, -2.98023e-08, -2.23517e-07, 8.19564e-08, -8.19564e-08, -0.999999, -5.06639e-07, 0.999999, -6.63102e-07, 5.00679e-06, 0.0480846, -0.00018692)

[node name="Physical Bone Head" parent="Stage/Comedian/jerry_animated/ManCasual3Armature/Skeleton3D" index="20"]
transform = Transform3D(-0.989396, -0.109643, -0.0977992, -0.00788332, 0.704379, -0.709783, 0.146697, -0.701308, -0.697628, 0.00723267, 1.71018, 0.0351992)
joint_offset = Transform3D(1, 0, 0, 0, 1, 0, 0, 0, 1, 2.00234e-07, -1.18166e-05, 0.073968)
body_offset = Transform3D(-0.989396, -0.109643, -0.0977991, -5.96046e-08, 0.665731, -0.746196, 0.146908, -0.738095, -0.658535, 0.0072329, 0.0552025, 0.0487018)

[node name="Physical Bone Shoulder_R" parent="Stage/Comedian/jerry_animated/ManCasual3Armature/Skeleton3D" index="21"]
transform = Transform3D(8.9407e-08, -0.434065, 0.900878, -6.08664e-07, 0.900873, 0.434065, -0.999996, -1.02818e-06, -6.85453e-07, -0.0730913, 1.52903, -0.0396829)
joint_offset = Transform3D(1, 0, 0, 0, 1, 0, 0, 0, 1, -1.95601e-05, 1.02107e-05, 0.0811384)
body_offset = Transform3D(0.999996, 4.32134e-07, 1.19209e-07, -3.27826e-07, -6.85453e-07, -0.999996, 5.96046e-08, 0.999993, -2.42889e-06, 1.95503e-05, 0.0811381, -1.00136e-05)

[node name="Physical Bone UpperArm_R" parent="Stage/Comedian/jerry_animated/ManCasual3Armature/Skeleton3D" index="22"]
transform = Transform3D(0.542039, -0.840295, 0.00809581, -0.027064, -0.0270918, -0.999299, 0.839888, 0.541471, -0.0374311, -0.147464, 1.63179, -0.0343642)
joint_offset = Transform3D(1, 0, 0, 0, 1, 0, 0, 0, 1, -3.02773e-05, -0.000194607, 0.138078)
body_offset = Transform3D(-0.825232, -0.563771, 0.0340694, -0.564025, 0.825736, 0.000857085, -0.0286097, -0.0185118, -0.999452, -0.00483894, 2.52724e-05, 0.137998)

[node name="Physical Bone LowerArm_R" parent="Stage/Comedian/jerry_animated/ManCasual3Armature/Skeleton3D" index="23"]
transform = Transform3D(0.195542, -0.98068, 0.00371179, 0.499466, 0.0963332, -0.860949, 0.843922, 0.170205, 0.508664, -0.15769, 1.85525, -0.113193)
joint_offset = Transform3D(1, 0, 0, 0, 1, 0, 0, 0, 1, -0.177527, 0.235688, 0.345739)
body_offset = Transform3D(-0.852245, -0.118023, -0.50957, -0.140305, 0.990085, 0.00534534, 0.503885, 0.0760506, -0.860405, 0.0526981, -0.260108, 0.369005)

[node name="Physical Bone Hand_R" parent="Stage/Comedian/jerry_animated/ManCasual3Armature/Skeleton3D" index="24"]
transform = Transform3D(-0.998575, -0.0422509, -0.0419255, 0.0499288, -0.209144, -0.976612, 0.0325647, -0.976981, 0.210881, -0.156368, 1.98104, -0.169106)
joint_offset = Transform3D(1, 0, 0, 0, 1, 0, 0, 0, 1, 0.423316, -0.00809734, 0.520735)
body_offset = Transform3D(-0.0820657, 0.974078, -0.210878, 0.995984, 0.0894918, 0.0263196, 0.0445658, -0.2078, -0.977158, 0.152439, -0.434597, 0.488292)

[node name="Physical Bone FingerLittle_R" parent="Stage/Comedian/jerry_animated/ManCasual3Armature/Skeleton3D" index="25"]
transform = Transform3D(-0.979662, -0.200288, -0.0130605, 0.0928023, -0.394305, -0.914273, 0.177969, -0.896889, 0.404863, -0.154124, 2.03975, -0.184028)
joint_offset = Transform3D(1, 0, 0, 0, 1, 0, 0, 0, 1, 0.50277, 0.214549, 0.549917)
body_offset = Transform3D(0.0649969, -0.395352, -0.916218, 0.968205, 0.247298, -0.0380232, 0.241614, -0.884614, 0.398846, 0.555988, -0.518933, -0.151015)

[node name="Physical Bone FingerLittle01_R" parent="Stage/Comedian/jerry_animated/ManCasual3Armature/Skeleton3D" index="26"]
transform = Transform3D(0.188488, -0.946535, -0.262407, 0.434601, 0.320117, -0.841872, 0.880677, 0.0446037, 0.471617, -0.15122, 2.05823, -0.193237)
joint_offset = Transform3D(1, 0, 0, 0, 1, 0, 0, 0, 1, -0.237403, 0.363667, 0.679262)
body_offset = Transform3D(-0.873273, -0.0630363, -0.483139, -0.305995, 0.842763, 0.443103, 0.379155, 0.534948, -0.755159, 0.143785, -0.680112, 0.408421)

[node name="Physical Bone FingerRing_R" parent="Stage/Comedian/jerry_animated/ManCasual3Armature/Skeleton3D" index="27"]
transform = Transform3D(-0.978402, -0.201662, -0.0414698, 0.120886, -0.39986, -0.908555, 0.166612, -0.894117, 0.415669, -0.158206, 2.03823, -0.20215)
joint_offset = Transform3D(1, 0, 0, 0, 1, 0, 0, 0, 1, 0.494989, 0.186495, 0.575408)
body_offset = Transform3D(0.122202, -0.392244, -0.911694, 0.966601, 0.254852, 0.019958, 0.224482, -0.883853, 0.410353, 0.537259, -0.537469, -0.182402)

[node name="Physical Bone FingerRing01_R" parent="Stage/Comedian/jerry_animated/ManCasual3Armature/Skeleton3D" index="28"]
transform = Transform3D(0.196377, -0.87743, -0.437701, 0.458005, 0.476786, -0.750272, 0.867018, -0.0531312, 0.49549, -0.152702, 2.0572, -0.212529)
joint_offset = Transform3D(1, 0, 0, 0, 1, 0, 0, 0, 1, -0.225127, 0.228307, 0.749462)
body_offset = Transform3D(-0.868173, 0.0577805, -0.492941, -0.367183, 0.593471, 0.71623, 0.333924, 0.802798, -0.493989, 0.1608, -0.754944, 0.262117)

[node name="Physical Bone FingerMiddle_R" parent="Stage/Comedian/jerry_animated/ManCasual3Armature/Skeleton3D" index="29"]
transform = Transform3D(-0.968541, -0.199057, -0.149406, 0.223734, -0.433507, -0.872979, 0.10899, -0.879029, 0.464356, -0.159828, 2.03357, -0.217853)
joint_offset = Transform3D(1, 0, 0, 0, 1, 0, 0, 0, 1, 0.427556, 0.175312, 0.633039)
body_offset = Transform3D(0.338364, -0.400719, -0.851472, 0.931872, 0.268553, 0.243967, 0.130886, -0.876098, 0.464239, 0.464596, -0.599949, -0.196252)

[node name="Physical Bone FingerMiddle01_R" parent="Stage/Comedian/jerry_animated/ManCasual3Armature/Skeleton3D" index="30"]
transform = Transform3D(0.197185, -0.856626, -0.47679, 0.459149, 0.510383, -0.72712, 0.866224, -0.0755345, 0.493955, -0.153169, 2.05311, -0.229266)
joint_offset = Transform3D(1, 0, 0, 0, 1, 0, 0, 0, 1, -0.198611, 0.197353, 0.777802)
body_offset = Transform3D(-0.868011, 0.0808589, -0.489958, -0.381828, 0.522162, 0.762615, 0.317502, 0.849007, -0.422353, 0.192736, -0.772049, 0.224013)

[node name="Physical Bone FingerIndex_R" parent="Stage/Comedian/jerry_animated/ManCasual3Armature/Skeleton3D" index="31"]
transform = Transform3D(-0.978647, -0.203829, -0.0278555, 0.123306, -0.472733, -0.872531, 0.164686, -0.857307, 0.487757, -0.162791, 2.02317, -0.231278)
joint_offset = Transform3D(1, 0, 0, 0, 1, 0, 0, 0, 1, 0.501193, 0.173089, 0.57839)
body_offset = Transform3D(0.127688, -0.465319, -0.87588, 0.981508, 0.186489, 0.0439992, 0.142875, -0.865273, 0.480512, 0.523145, -0.549653, -0.199762)

[node name="Physical Bone FingerIndex01_R" parent="Stage/Comedian/jerry_animated/ManCasual3Armature/Skeleton3D" index="32"]
transform = Transform3D(0.19673, -0.900169, -0.388586, 0.459355, 0.434761, -0.774591, 0.866223, -0.026114, 0.499017, -0.159657, 2.03771, -0.239825)
joint_offset = Transform3D(1, 0, 0, 0, 1, 0, 0, 0, 1, -0.163805, 0.26847, 0.749839)
body_offset = Transform3D(-0.867825, 0.0321687, -0.495871, -0.347776, 0.673468, 0.652307, 0.354942, 0.738518, -0.573251, 0.221033, -0.726899, 0.289717)

[node name="Physical Bone FingerThumb_R" parent="Stage/Comedian/jerry_animated/ManCasual3Armature/Skeleton3D" index="33"]
transform = Transform3D(-0.981297, -0.192372, -0.00719315, 0.162931, -0.810046, -0.563281, 0.102533, -0.553911, 0.826239, -0.153644, 1.9786, -0.229612)
joint_offset = Transform3D(1, 0, 0, 0, 1, 0, 0, 0, 1, 0.443903, 0.372327, 0.468378)
body_offset = Transform3D(0.233851, -0.810573, -0.536928, 0.902338, -0.0247216, 0.430324, -0.362082, -0.585115, 0.725629, 0.449476, -0.592901, 0.0387154)

[node name="Physical Bone FingerThumb01_R" parent="Stage/Comedian/jerry_animated/ManCasual3Armature/Skeleton3D" index="34"]
transform = Transform3D(0.126858, -0.988945, -0.0767059, 0.698999, 0.143994, -0.700471, 0.70378, 0.0352386, 0.709539, -0.152844, 1.99214, -0.246423)
joint_offset = Transform3D(1, 0, 0, 0, 1, 0, 0, 0, 1, -0.244072, 0.462599, 0.577423)
body_offset = Transform3D(-0.659841, 0.265911, -0.702777, 0.00323534, 0.93628, 0.35122, 0.751397, 0.229475, -0.618658, 0.121741, -0.635135, 0.434467)

[node name="Physical Bone UpperLeg_L" parent="Stage/Comedian/jerry_animated/ManCasual3Armature/Skeleton3D" index="35"]
transform = Transform3D(0.000144899, -0.999822, 0.0330837, -0.020256, 0.0330885, 0.999132, -0.999855, -0.00081569, -0.0202345, 0.0771019, 0.72723, -0.00861454)
joint_offset = Transform3D(1, 0, 0, 0, 1, 0, 0, 0, 1, -1.10465e-05, 2.21922e-06, 0.206687)
body_offset = Transform3D(1.00006, 5.36442e-07, -1.92039e-06, 1.21072e-07, 1.19209e-06, -0.999884, -3.8743e-07, 1.00038, -3.59491e-07, 1.14441e-05, 0.206663, -2.14577e-06)

[node name="Physical Bone LowerLeg_L" parent="Stage/Comedian/jerry_animated/ManCasual3Armature/Skeleton3D" index="36"]
transform = Transform3D(0.999475, 0.00168002, 0.032944, -0.0329833, 0.0465048, 0.998394, 0.000146091, -0.998917, 0.046535, 0.0637002, 0.321887, -0.0136852)
joint_offset = Transform3D(1, 0, 0, 0, 1, 0, 0, 0, 1, 7.73309e-07, 2.73128e-06, 0.199151)
body_offset = Transform3D(1.00003, -2.38419e-07, 3.29991e-06, 1.39466e-07, -2.38651e-07, -1.00002, -2.08616e-07, 1, 6.5146e-07, -1.43051e-06, 0.199155, -2.86102e-06)

[node name="Physical Bone Foot_L" parent="Stage/Comedian/jerry_animated/ManCasual3Armature/Skeleton3D" index="37"]
transform = Transform3D(-0.999802, 0.00145748, 0.00340916, 0.00370534, 0.394473, 0.918906, -4.76837e-06, 0.918961, -0.394458, 0.0569677, 0.0790685, -0.00406647)
joint_offset = Transform3D(1, 0, 0, 0, 1, 0, 0, 0, 1, -1.04317e-05, -3.4076e-06, 0.0478788)
body_offset = Transform3D(0.99982, 2.08616e-07, -1.2666e-06, -1.49012e-08, 4.30644e-06, -0.999998, 2.98023e-07, 1.00005, 1.46031e-06, 1.04904e-05, 0.0478787, 3.33786e-06)

[node name="Physical Bone UpperLeg_R" parent="Stage/Comedian/jerry_animated/ManCasual3Armature/Skeleton3D" index="38"]
transform = Transform3D(0.000132412, 0.999452, -0.033057, 0.0202872, 0.0330453, 0.999032, 0.999792, -0.000802279, -0.0202667, -0.0770855, 0.727234, -0.00860548)
joint_offset = Transform3D(1, 0, 0, 0, 1, 0, 0, 0, 1, 8.50263e-06, -1.88051e-05, 0.206705)
body_offset = Transform3D(0.999998, 9.23872e-07, 3.89293e-07, -2.55182e-07, -6.14673e-08, -0.999784, -2.38419e-07, 0.999997, -9.37283e-06, -8.58307e-06, 0.20666, 2.07424e-05)

[node name="Physical Bone LowerLeg_R" parent="Stage/Comedian/jerry_animated/ManCasual3Armature/Skeleton3D" index="39"]
transform = Transform3D(0.999454, -0.00166526, -0.0329093, 0.032956, 0.0464726, 0.998436, -0.000130683, -0.998969, 0.0465081, -0.0637031, 0.321861, -0.0136585)
joint_offset = Transform3D(1, 0, 0, 0, 1, 0, 0, 0, 1, -1.6579e-05, 1.17939e-05, 0.199169)
body_offset = Transform3D(0.999996, -5.96046e-07, 1.84029e-06, -5.1409e-06, 1.27777e-06, -1.00006, -1.72853e-06, 1.00005, -4.1537e-06, 1.62125e-05, 0.199181, -1.09673e-05)

[node name="Physical Bone Foot_R" parent="Stage/Comedian/jerry_animated/ManCasual3Armature/Skeleton3D" index="40"]
transform = Transform3D(-0.999991, -0.00146759, -0.00336942, -0.00367388, 0.394484, 0.918889, -1.84774e-05, 0.9189, -0.394489, -0.0569944, 0.0790602, -0.00403881)
joint_offset = Transform3D(1, 0, 0, 0, 1, 0, 0, 0, 1, 1.07339e-05, 2.06919e-08, 0.0478859)
body_offset = Transform3D(0.999997, 1.2815e-06, -1.04308e-07, -9.08971e-07, 3.62098e-06, -0.999994, 1.19209e-07, 0.999998, -4.32134e-07, -1.07288e-05, 0.0478857, 0)

[node name="MainSpotLight" type="SpotLight3D" parent="Stage" node_paths=PackedStringArray("target")]
transform = Transform3D(1, 0, 0, 0, -4.37114e-08, 1, 0, -1, -4.37114e-08, -0.0337095, 3.83772, -0.0937908)
light_color = Color(1, 0.929412, 0.886275, 1)
light_energy = 10.753
light_indirect_energy = 4.63
light_volumetric_fog_energy = 0.0
light_bake_mode = 1
spot_range = 12.125
spot_angle = 21.0
script = ExtResource("10_sw7mm")
target = NodePath("../Comedian")

[node name="MainSpotLight2" type="SpotLight3D" parent="Stage"]
transform = Transform3D(1, 0, 0, 0, 0.860333, -0.509732, 0, 0.509732, 0.860333, 0.00699139, 0.754075, 1.30782)
light_color = Color(0.992157, 0.788235, 0.564706, 1)
light_energy = 10.0
light_indirect_energy = 0.0
light_volumetric_fog_energy = 0.0
light_specular = 0.15
light_bake_mode = 1
spot_range = 5.791
spot_angle = 44.12

[node name="MainSpotLight3" type="SpotLight3D" parent="Stage"]
transform = Transform3D(0.707107, 0.360435, 0.608347, 0, 0.860333, -0.509732, -0.707107, 0.360435, 0.608347, 1.3098, 0.754075, 1.30782)
light_color = Color(0.992157, 0.788235, 0.564706, 1)
light_energy = 10.0
light_indirect_energy = 0.0
light_volumetric_fog_energy = 0.0
light_specular = 0.15
light_bake_mode = 1
spot_range = 5.791
spot_angle = 44.12

[node name="MainSpotLight4" type="SpotLight3D" parent="Stage"]
transform = Transform3D(0.707107, -0.360435, -0.608347, 0, 0.860333, -0.509732, 0.707107, 0.360435, 0.608347, -1.11065, 0.754075, 1.30782)
light_color = Color(0.992157, 0.788235, 0.564706, 1)
light_energy = 10.0
light_indirect_energy = 0.0
light_volumetric_fog_energy = 0.0
light_specular = 0.15
light_bake_mode = 1
spot_range = 5.791
spot_angle = 44.12

[node name="CameraTrigger" type="Area3D" parent="Stage"]
transform = Transform3D(1, 0, 0, 0, 1, 0, 0, 0, 1, 0, 0.835685, 0)
collision_layer = 0
collision_mask = 2

[node name="CollisionShape3D" type="CollisionShape3D" parent="Stage/CameraTrigger"]
transform = Transform3D(1, 0, 0, 0, 1, 0, 0, 0, 1, 0.120538, 0.171387, 0)
shape = SubResource("BoxShape3D_50v41")

[node name="Camera3D" type="Camera3D" parent="."]
transform = Transform3D(0.999968, 0.00154114, -0.00760625, -2.98023e-08, 0.980088, 0.198562, 0.00776094, -0.198556, 0.980059, -0.0552975, 2.23784, 2.0708)
fov = 67.0

[node name="PhantomCameraHost" type="Node" parent="Camera3D"]
script = ExtResource("12_w8i1b")

[node name="Floor" type="MeshInstance3D" parent="."]
transform = Transform3D(100, 0, 0, 0, 100, 0, 0, 0, 1, 0, -0.129354, 0)
mesh = SubResource("PlaneMesh_tgd07")
surface_material_override/0 = SubResource("StandardMaterial3D_0b7tw")

[node name="Floor2" type="MeshInstance3D" parent="."]
transform = Transform3D(281.5, 0, 0, 0, -1.23048e-05, -2.815, 0, 281.5, -1.23048e-07, 0, -0.129354, -9.56177)
mesh = SubResource("PlaneMesh_tgd07")
surface_material_override/0 = SubResource("StandardMaterial3D_0b7tw")

[node name="BGcurt1" type="MeshInstance3D" parent="."]
transform = Transform3D(1, 0, 0, 0, 2, 0, 0, 0, 1, -5.74997, 1.77124, -5.26544)
mesh = SubResource("PlaneMesh_mxlwu")
surface_material_override/0 = SubResource("StandardMaterial3D_cgfe7")

[node name="BGcurt4" type="MeshInstance3D" parent="."]
transform = Transform3D(1, 0, 0, 0, 2, 0, 0, 0, 1, -10.6532, 1.77124, -5.26544)
mesh = SubResource("PlaneMesh_mxlwu")
surface_material_override/0 = SubResource("StandardMaterial3D_cgfe7")

[node name="BGcurt2" type="MeshInstance3D" parent="."]
transform = Transform3D(1, 0, 0, 0, 2, 0, 0, 0, 1, 5.691, 1.77124, -5.26544)
mesh = SubResource("PlaneMesh_mxlwu")
surface_material_override/0 = SubResource("StandardMaterial3D_cgfe7")

[node name="BGcurt5" type="MeshInstance3D" parent="."]
transform = Transform3D(1, 0, 0, 0, 2, 0, 0, 0, 1, 10.6496, 1.77124, -5.26544)
mesh = SubResource("PlaneMesh_mxlwu")
surface_material_override/0 = SubResource("StandardMaterial3D_cgfe7")

[node name="BGcurt3" type="MeshInstance3D" parent="."]
transform = Transform3D(1.5, 0, 0, 0, 1, 0, 0, 0, 1, -0.0691948, 2.51538, -5.35576)
gi_lightmap_scale = 3
mesh = SubResource("PlaneMesh_mxlwu")
surface_material_override/0 = SubResource("StandardMaterial3D_7k0b7")

[node name="WorldEnvironment" type="WorldEnvironment" parent="."]
environment = SubResource("Environment_568cv")

[node name="DirectionalLight3D" type="DirectionalLight3D" parent="."]
transform = Transform3D(1, 0, 0, 0, 0.5, 0.866025, 0, -0.866025, 0.5, 0, 3, 0)
visible = false

[node name="ThrowPoint" type="Node3D" parent="."]
transform = Transform3D(1, 0, 0, 0, 1, 0, 0, 0, 1, -6, 0, 6.73233)

[node name="ThrowPoint2" type="Node3D" parent="."]
transform = Transform3D(1, 0, 0, 0, 1, 0, 0, 0, 1, 6, 0, 6.73233)

[node name="Audience" parent="." instance=ExtResource("5_tr2a0")]
transform = Transform3D(1, 0, 0, 0, 1, 0, 0, 0, 1, 0, 0, 0.112713)

[node name="MetaControllerComponent" type="Node" parent="."]
script = ExtResource("6_oa1a8")

[node name="Curtains" parent="." instance=ExtResource("11_5thl5")]
transform = Transform3D(1, 0, 0, 0, 1, 0, 0, 0, 1, 0, 0.422966, -1.83624)

[node name="Path3D" type="Path3D" parent="."]
transform = Transform3D(1, 0, 0, 0, 1, 0, 0, 0, 1, -0.283777, 2.25828, 2.05443)
curve = SubResource("Curve3D_w80mh")

[node name="PathFollow3D" type="PathFollow3D" parent="Path3D"]
transform = Transform3D(0.0931362, 0.0752312, -0.992806, -3.72529e-09, 0.997141, 0.0755595, 0.995653, -0.00703734, 0.0928699, -0.35438, 0.0159755, -0.0491574)

[node name="CameraHolder" type="Node3D" parent="Path3D/PathFollow3D"]
transform = Transform3D(1, 0, 0, 0, 1, 0, 0, 0, 1, 0.119532, 0.00708055, -0.575333)
script = ExtResource("19_2cjh3")

[node name="PhantomCamera3D" type="Node3D" parent="Path3D/PathFollow3D/CameraHolder"]
transform = Transform3D(0.100861, -0.197549, 0.975091, 0.0751742, 0.9788, 0.190525, -0.992056, 0.0540852, 0.113573, 0, 0, 0)
script = ExtResource("19_wpgn2")
priority_override = false
priority = 1
follow_mode = 2
follow_target = NodePath("")
follow_parameters/target_offset = Vector3(0, 0, 0)
follow_parameters/damping = true
follow_parameters/damping_value = 27.785
look_at_mode = 2
look_at_target = NodePath("../../../../CameraLookAtPlaceholder")
look_at_parameters/look_at_target_offset = Vector3(0, 0, 0)
tween_parameters = SubResource("Resource_gw4p2")
tween_on_load = false
inactive_update_mode = 0
camera_3D_resource = null

[node name="PhantomCamera3DLookAtPlayer" type="Node3D" parent="Path3D/PathFollow3D/CameraHolder"]
transform = Transform3D(-0.424296, -0.108914, 0.89895, 0.068421, 0.986046, 0.151761, -0.902935, 0.125899, -0.410924, 0, 0, 0)
script = ExtResource("19_wpgn2")
priority_override = false
priority = 0
follow_mode = 2
follow_target = NodePath("")
follow_parameters/target_offset = Vector3(0, 0, 0)
follow_parameters/damping = false
look_at_mode = 2
look_at_target = NodePath("../../../../Stage/Comedian")
look_at_parameters/look_at_target_offset = Vector3(0, 0, 0)
tween_parameters = null
tween_on_load = false
inactive_update_mode = 0
camera_3D_resource = null

[node name="CameraLookAtPlaceholder" type="Node3D" parent="."]
transform = Transform3D(1, 0, 0, 0, 1, 0, 0, 0, 1, 0, 0.79433, -5.05407)

[connection signal="body_entered" from="Stage/CameraTrigger" to="Path3D/PathFollow3D/CameraHolder" method="_on_camera_trigger_body_entered"]

[editable path="Stage"]
[editable path="Stage/Comedian"]
[editable path="Stage/Comedian/jerry_animated"]
